-1000 5.692374446292071e-05
-996 5.698411351230493e-05
-992 5.701524238576755e-05
-988 5.701553120897491e-05
-984 5.698333190242581e-05
-980 5.691694939548441e-05
-976 5.6814643208976e-05
-972 5.6674629444349785e-05
-968 5.649508321956187e-05
-964 5.62741415938828e-05
-960 5.600990702573917e-05
-956 5.570045140939749e-05
-952 5.534382073772371e-05
-948 5.4938040439323156e-05
-944 5.448112143899599e-05
-940 5.397106699052828e-05
-936 5.34058803302712e-05
-932 5.278357319860907e-05
-928 5.210217527414942e-05
-924 5.135974456213579e-05
-920 5.055437877402549e-05
-916 4.968422772922674e-05
-912 4.874750680247645e-05
-908 4.774251143108534e-05
-904 4.666763268510637e-05
-900 4.552137389022608e-05
-896 4.430236827768087e-05
-892 4.3009397617625594e-05
-888 4.1641411772028763e-05
-884 4.0197549080269494e-05
-880 3.8677157465161294e-05
-876 3.707981611918102e-05
-872 3.540535760037703e-05
-868 3.365389013500829e-05
-864 3.182581988976875e-05
-860 2.9921872940959972e-05
-856 2.79431166318044e-05
-852 2.5890979973014007e-05
-848 2.3767272706675738e-05
-844 2.1574202620583073e-05
-840 1.9314390670590806e-05
-836 1.699088344380636e-05
-832 1.4607162476995307e-05
-828 1.216714993411116e-05
-824 9.67521014605552e-06
-820 7.136146526331934e-06
-816 4.555193399807007e-06
-812 1.9380023198190173e-06
-808 -7.093774973745703e-07
-804 -3.3805249214327747e-06
-800 -6.068679053174333e-06
-796 -8.766777874810045e-06
-792 -1.1467503392852634e-05
-788 -1.4163333125559516e-05
-784 -1.684659763816849e-05
-780 -1.950954367080941e-05
-776 -2.214440223958082e-05
-772 -2.474346092538791e-05
-768 -2.7299139402893384e-05
-764 -2.9804067108998244e-05
-760 -3.2251161812601485e-05
-756 -3.463370773102769e-05
-752 -3.694543174929715e-05
-748 -3.91805762417139e-05
-744 -4.133396697565017e-05
-740 -4.3401074598453716e-05
-736 -4.537806827233098e-05
-732 -4.7261860129611714e-05
-728 -4.905013937107186e-05
-724 -5.074139502041437e-05
-720 -5.233492657433047e-05
-716 -5.383084204402896e-05
-712 -5.523004316362278e-05
-708 -5.653419783515926e-05
-704 -5.7745700180526714e-05
-700 -5.886761886777651e-05
-696 -5.9903634664451485e-05
-692 -6.0857968434624835e-05
-688 -6.173530103162857e-05
-684 -6.254068673807662e-05
-680 -6.327946206324518e-05
-676 -6.395715182109955e-05
-672 -6.457937447770279e-05
-668 -6.51517487733524e-05
-664 -6.567980359294984e-05
-660 -6.616889297945955e-05
-656 -6.662411806264064e-05
-652 -6.705025751221576e-05
-648 -6.745170792569584e-05
-644 -6.783243533114533e-05
-640 -6.819593872958172e-05
-636 -6.85452263260141e-05
-632 -6.888280480806791e-05
-628 -6.921068173251663e-05
-624 -6.953038077870617e-05
-620 -6.984296932970709e-05
-616 -7.014909755296764e-05
-612 -7.044904787818113e-05
-608 -7.074279351689237e-05
-604 -7.103006444182774e-05
-600 -7.131041904961824e-05
-596 -7.15833195737481e-05
-592 -7.184820919998071e-05
-588 -7.21045887682712e-05
-584 -7.23520909265093e-05
-580 -7.259054963448721e-05
-576 -7.282006300215873e-05
-572 -7.304104758405212e-05
-568 -7.325428243961411e-05
-564 -7.346094150379746e-05
-560 -7.366261308834459e-05
-556 -7.386130564561472e-05
-552 -7.405943926591149e-05
-548 -7.425982273763884e-05
-544 -7.446561636817087e-05
-540 -7.468028113270338e-05
-536 -7.49075150792372e-05
-532 -7.515117826127945e-05
-528 -7.541520778751367e-05
-524 -7.570352486215632e-05
-520 -7.601993593455493e-05
-516 -7.636803027650085e-05
-512 -7.675107645654178e-05
-508 -7.717192027918151e-05
-504 -7.76328868011324e-05
-500 -7.81356890254524e-05
-496 -7.868134580692135e-05
-492 -7.927011137843641e-05
-488 -7.990141872914464e-05
-484 -8.057383883158742e-05
-480 -8.12850574290019e-05
-476 -8.203187075748283e-05
-472 -8.281020119420957e-05
-468 -8.361513339675659e-05
-464 -8.444097103535973e-05
-460 -8.528131372726701e-05
-456 -8.61291532691316e-05
-452 -8.697698774092393e-05
-448 -8.78169515361033e-05
-444 -8.864095887261177e-05
-440 -8.944085787388225e-05
-436 -9.020859189562949e-05
-432 -9.093636443004282e-05
-428 -9.16168036607784e-05
-424 -9.224312258488013e-05
-420 -9.280927057383294e-05
-416 -9.331007232417971e-05
-412 -9.374135035290009e-05
-408 -9.41000275233867e-05
-404 -9.438420653829917e-05
-400 -9.459322389431783e-05
-396 -9.472767644424462e-05
-392 -9.478941943295467e-05
-388 -9.47815356408785e-05
-384 -9.470827605525644e-05
-380 -9.457497326778245e-05
-376 -9.438792954045295e-05
-372 -9.41542821644613e-05
-368 -9.388184933797231e-05
-364 -9.35789602898977e-05
-360 -9.325427376541587e-05
-356 -9.291658925709329e-05
-352 -9.257465551019178e-05
-348 -9.223698085385684e-05
-344 -9.191164981714705e-05
-340 -9.160615028921977e-05
-336 -9.132721518766245e-05
-332 -9.108068222053571e-05
-328 -9.087137487928861e-05
-324 -9.070300729427234e-05
-320 -9.057811503441595e-05
-316 -9.049801334909729e-05
-312 -9.046278374370081e-05
-308 -9.047128916029672e-05
-304 -9.052121741020525e-05
-300 -9.060915188464368e-05
-296 -9.073066796212236e-05
-292 -9.088045294630886e-05
-288 -9.10524468161611e-05
-284 -9.124000056271285e-05
-280 -9.143604843643189e-05
-276 -9.163329004869334e-05
-272 -9.182437797396191e-05
-268 -9.200210629859074e-05
-264 -9.215959546926165e-05
-260 -9.229046881828015e-05
-256 -9.238901629036555e-05
-252 -9.245034116842561e-05
-248 -9.24704859916697e-05
-244 -9.244653437093216e-05
-240 -9.237668602080621e-05
-236 -9.226030302896089e-05
-232 -9.209792614847754e-05
-228 -9.189126070465542e-05
-224 -9.164313252690573e-05
-220 -9.13574151217975e-05
-216 -9.103893006844052e-05
-212 -9.069332331764476e-05
-208 -9.032692069032666e-05
-204 -8.994656638126059e-05
-200 -8.95594486690542e-05
-196 -8.917291730477769e-05
-192 -8.879429719758928e-05
-188 -8.843070303813492e-05
-184 -8.80888594056174e-05
-180 -8.777493070148306e-05
-176 -8.749436495318239e-05
-172 -8.725175514825565e-05
-168 -8.705072130539766e-05
-164 -8.689381597829453e-05
-160 -8.678245533234678e-05
-156 -8.671687734536773e-05
-152 -8.669612807142492e-05
-148 -8.671807628174112e-05
-144 -8.67794561669408e-05
-140 -8.68759371596802e-05
-136 -8.700221932478371e-05
-132 -8.715215217499675e-05
-128 -8.731887421480561e-05
-124 -8.749497000394517e-05
-120 -8.767264107866457e-05
-116 -8.784388668568033e-05
-112 -8.800068998434516e-05
-108 -8.81352051697362e-05
-104 -8.823994087463784e-05
-100 -8.830793523103269e-05
-96 -8.833291811787251e-05
-92 -8.830945639375727e-05
-88 -8.823307830829375e-05
-84 -8.810037379696079e-05
-80 -8.790906797883986e-05
-76 -8.765806587739213e-05
-72 -8.734746715023073e-05
-68 -8.697855041999804e-05
-64 -8.655372761841364e-05
-60 -8.607646956202591e-05
-56 -8.555120474457152e-05
-52 -8.498319403257006e-05
-48 -8.437838456649273e-05
-44 -8.37432466823469e-05
-40 -8.308459806535443e-05
-36 -8.2409419621175e-05
-32 -8.172466769839105e-05
-28 -8.103708732088177e-05
-24 -8.035303099637452e-05
-20 -7.967828746710977e-05
-16 -7.901792447165525e-05
-12 -7.837614920624245e-05
-8 -7.775618972284497e-05
-4 -7.716019999263821e-05
0 -7.65891908098563e-05
4 -7.604298812379564e-05
8 -7.552021977617986e-05
12 -7.501833099678339e-05
16 -7.453362838097726e-05
20 -7.406135144738651e-05
24 -7.35957702609915e-05
28 -7.313030701625035e-05
32 -7.26576789165215e-05
36 -7.217005917162021e-05
40 -7.165925247711231e-05
44 -7.111688094999346e-05
48 -7.053457618898097e-05
52 -6.990417291654863e-05
56 -6.921789955553726e-05
60 -6.846856110493709e-05
64 -6.764970981341273e-05
68 -6.675579940754418e-05
72 -6.578231901224077e-05
76 -6.472590339607304e-05
80 -6.358441677206953e-05
84 -6.235700806783873e-05
88 -6.104413632659561e-05
92 -5.964756568852572e-05
96 -5.817033020366278e-05
100 -5.6616669516189235e-05
104 -5.499193720965523e-05
108 -5.330248428899524e-05
112 -5.1555520877607367e-05
116 -4.9758959709549305e-05
120 -4.792124538627975e-05
124 -4.605117363759514e-05
128 -4.415770497569727e-05
132 -4.224977716248282e-05
136 -4.0336120829883427e-05
140 -3.8425082411190325e-05
144 -3.6524458269690524e-05
148 -3.464134356273681e-05
152 -3.27819989680165e-05
156 -3.0951737937332546e-05
160 -2.9154836643811423e-05
164 -2.7394468262047283e-05
168 -2.5672662676920324e-05
172 -2.3990292164173465e-05
176 -2.2347083031888817e-05
180 -2.0741652663895344e-05
184 -1.9171570870935345e-05
188 -1.763344394058962e-05
192 -1.6123019290691245e-05
196 -1.4635308182354376e-05
200 -1.3164723547839483e-05
204 -1.170522964603547e-05
208 -1.0250499985449349e-05
212 -8.794079762065978e-06
216 -7.329548957060226e-06
220 -5.850682235041125e-06
224 -4.351601882514826e-06
228 -2.8269202303471267e-06
232 -1.2718683108934987e-06
236 3.175920965630671e-07
240 1.9446753905917983e-06
244 3.611699843895319e-06
248 5.3200372648633175e-06
252 7.070085182306628e-06
256 8.861261470661375e-06
260 1.0692020711585366e-05
264 1.2559891008829922e-05
268 1.4461529457439394e-05
272 1.639279403326024e-05
276 1.83488293277547e-05
280 2.032416331473015e-05
284 2.2312812203238986e-05
288 2.430839040301196e-05
292 2.63042226991752e-05
296 2.829345589151834e-05
300 3.026916738696677e-05
304 3.222446852674718e-05
308 3.415260076545794e-05
312 3.6047023181116954e-05
316 3.7901490167204204e-05
320 3.971011852510001e-05
324 4.146744352546679e-05
328 4.316846382968541e-05
332 4.480867544959882e-05
336 4.638409517022819e-05
340 4.7891274062902106e-05
344 4.9327301874629986e-05
348 5.068980319467522e-05
352 5.197692637374501e-05
356 5.3187326208757046e-05
360 5.4320141411279945e-05
364 5.5374967855420336e-05
368 5.635182855624807e-05
372 5.725114126781903e-05
376 5.8073684515198895e-05
380 5.8820562791927166e-05
384 5.949317156688866e-05
388 6.0093162655832646e-05
392 6.062241042547705e-05
396 6.108297921438218e-05
400 6.147709227618356e-05
404 6.180710247846956e-05
408 6.20754649252998e-05
412 6.228471161345598e-05
416 6.243742818207462e-05
420 6.253623277218614e-05
424 6.258375697654168e-05
428 6.258262883049953e-05
432 6.253545777112215e-05
436 6.24448214734101e-05
440 6.231325445916295e-05
444 6.214323836469166e-05
448 6.193719374792737e-05
452 6.169747331281504e-05
456 6.14263564287305e-05
460 6.112604482454516e-05
464 6.079865934046107e-05
468 6.044623762547943e-05
472 6.0070732674020994e-05
476 5.9674012101513806e-05
480 5.925785806546332e-05
484 5.8823967745430174e-05
488 5.837395430230076e-05
492 5.7909348244117e-05
496 5.7431599132434446e-05
500 5.694207756962563e-05
504 5.644207741368137e-05
508 5.5932818172849226e-05
512 5.54154475378594e-05
516 5.4891044014511626e-05
520 5.436061962403084e-05
524 5.3825122642844516e-05
528 5.328544035730525e-05
532 5.274240181238936e-05
536 5.219678053656521e-05
540 5.1649297227863354e-05
544 5.1100622388713574e-05
548 5.05513788993665e-05
552 5.0002144521707576e-05
556 4.945345432702338e-05
560 4.8905803042813806e-05
564 4.8359647315079043e-05
568 4.781540788366603e-05
572 4.7273471669254983e-05
576 4.673419377141557e-05
580 4.6197899377885146e-05
584 4.566488558582706e-05
588 4.513542313633265e-05
592 4.460975806384665e-05
596 4.4088113262531524e-05
600 4.357068997185589e-05
604 4.3057669183899636e-05
608 4.254921297502499e-05
612 4.204546576467456e-05
616 4.154655550413106e-05
620 4.105259479811321e-05
624 4.0563681962095706e-05
628 4.007990201823109e-05
632 3.960132763272046e-05
636 3.9128019997435296e-05
640 3.8660029658532906e-05
644 3.819739729473938e-05
648 3.774015444789613e-05
652 3.728832420828236e-05
656 3.684192185713801e-05
660 3.640095546871974e-05
664 3.5965426474129387e-05
668 3.553533018906047e-05
672 3.511065630751329e-05
676 3.469138936343627e-05
680 3.4277509162158443e-05
684 3.386899118338736e-05
688 3.346580695745854e-05
692 3.306792441643624e-05
696 3.26753082215821e-05
700 3.228792006862768e-05
704 3.190571897220943e-05
708 3.1528661530750115e-05
712 3.1156702172999146e-05
716 3.0789793387376406e-05
720 3.0427885935198465e-05
724 3.0070929048804246e-05
728 2.971887061553798e-05
732 2.9371657348491077e-05
736 2.9029234944851032e-05
740 2.8691548232655288e-05
744 2.835854130669951e-05
748 2.803015765430489e-05
752 2.7706340271605972e-05
756 2.7387031770980077e-05
760 2.7072174480201186e-05
764 2.6761710533865038e-05
768 2.6455581957598563e-05
772 2.6153730745534113e-05
776 2.5856098931499577e-05
780 2.55626286543466e-05
784 2.5273262217812595e-05
788 2.498794214528732e-05
792 2.470661122983101e-05
796 2.4429212579769085e-05
800 2.4155689660167528e-05
804 2.3885986330473743e-05
808 2.362004687858905e-05
812 2.3357816051622158e-05
816 2.3099239083556586e-05
820 2.2844261720050017e-05
824 2.25928302405693e-05
828 2.2344891478051672e-05
832 2.2100392836270222e-05
836 2.1859282305069924e-05
840 2.1621508473629787e-05
844 2.1387020541896408e-05
848 2.115576833032432e-05
852 2.0927702288050103e-05
856 2.0702773499618376e-05
860 2.048093369037008e-05
864 2.026213523059614e-05
868 2.004633113855266e-05
872 1.9833475082427233e-05
876 1.962352138134033e-05
880 1.941642500545941e-05
884 1.9212141575298748e-05
888 1.9010627360272868e-05
892 1.8811839276566383e-05
896 1.8615734884379536e-05
900 1.842227238460401e-05
904 1.823141061498007e-05
908 1.8043109045782678e-05
912 1.7857327775080595e-05
916 1.7674027523609762e-05
920 1.7493169629299102e-05
924 1.731471604148419e-05
928 1.7138629314842023e-05
932 1.696487260307736e-05
936 1.6793409652389132e-05
940 1.662420479474328e-05
944 1.6457222940976622e-05
948 1.6292429573754307e-05
952 1.612979074040184e-05
956 1.596927304563124e-05
960 1.581084364417917e-05
964 1.565447023337378e-05
968 1.5500121045645435e-05
972 1.534776484099568e-05
976 1.519737089943729e-05
980 1.5048909013417544e-05
984 1.4902349480235703e-05
988 1.4757663094464826e-05
992 1.4614821140387276e-05
996 1.4473795384452391e-05
