-1000 5.6923739236385054e-05
-996 5.6984111481755686e-05
-992 5.701524271391418e-05
-988 5.701553314323045e-05
-984 5.698333478296279e-05
-980 5.691695266091043e-05
-976 5.681464639951333e-05
-972 5.667463220245607e-05
-968 5.649508528799225e-05
-964 5.6274142811253895e-05
-960 5.600990731972762e-05
-956 5.570045078777403e-05
-952 5.534381927749044e-05
-948 5.493803827429266e-05
-944 5.44811187462042e-05
-940 5.3971063975931834e-05
-936 5.3405877214213636e-05
-932 5.2783570201569906e-05
-928 5.210217260329593e-05
-924 5.135974239919059e-05
-920 5.055437726492625e-05
-916 4.968422697600683e-05
-912 4.8747506857715195e-05
-908 4.77425122951845e-05
-904 4.666763430652968e-05
-900 4.552137616871374e-05
-896 4.43023710703053e-05
-892 4.300940074741188e-05
-888 4.1641415038717536e-05
-884 4.0197552272670224e-05
-880 3.8677160374426835e-05
-876 3.707981855224941e-05
-872 3.54053593927759e-05
-868 3.365389116220658e-05
-864 3.1825820076302636e-05
-860 2.992187226664878e-05
-856 2.7943115134512726e-05
-852 2.5890977747607112e-05
-848 2.3767269900041083e-05
-844 2.157419942285006e-05
-840 1.9314387302952383e-05
-836 1.699088014361388e-05
-832 1.4607159481040796e-05
-828 1.216714746121566e-05
-824 9.675208380211025e-06
-820 7.136145601703093e-06
-816 4.555193388851317e-06
-812 1.9380032256385003e-06
-808 -7.093757435837944e-07
-804 -3.380522457313462e-06
-800 -6.0686760764215124e-06
-796 -8.766774629024648e-06
-792 -1.1467500148880091e-05
-788 -1.4163330159602352e-05
-784 -1.684659520834353e-05
-780 -1.950954199408727e-05
-776 -2.2144401471156477e-05
-772 -2.474346114247901e-05
-768 -2.7299140594708585e-05
-764 -2.980406917418911e-05
-760 -3.2251164564917107e-05
-756 -3.463371091317405e-05
-752 -3.694543505422859e-05
-748 -3.918057933980962e-05
-744 -4.133396954554594e-05
-740 -4.340107635876915e-05
-736 -4.5378069011244146e-05
-732 -4.726185972921436e-05
-728 -4.9050137823736954e-05
-724 -5.074139243501405e-05
-720 -5.233492317101847e-05
-716 -5.383083813738678e-05
-712 -5.523003913516166e-05
-708 -5.653419409735797e-05
-704 -5.774569713563177e-05
-700 -5.886761686537912e-05
-696 -5.990363396227046e-05
-692 -6.085796916688688e-05
-688 -6.173530318891528e-05
-684 -6.254069016151341e-05
-680 -6.327946645452003e-05
-676 -6.395715676813567e-05
-672 -6.457937949403625e-05
-668 -6.5151753347597e-05
-664 -6.567980724334498e-05
-660 -6.616889530760244e-05
-656 -6.662411880023348e-05
-652 -6.705025655510694e-05
-648 -6.745170535064748e-05
-644 -6.783243139255187e-05
-640 -6.819593383560099e-05
-636 -6.854522099603049e-05
-632 -6.888279961577092e-05
-628 -6.921067724086259e-05
-624 -6.953037747433554e-05
-620 -6.984296756481885e-05
-616 -7.014909750207138e-05
-612 -7.044904951558814e-05
-608 -7.07427966183963e-05
-604 -7.103006861105063e-05
-600 -7.131042376631119e-05
-596 -7.158332425836805e-05
-592 -7.184821328653196e-05
-588 -7.21045917760492e-05
-584 -7.235209252125612e-05
-580 -7.259054967063858e-05
-576 -7.282006154021868e-05
-572 -7.304104488039555e-05
-568 -7.325427890976087e-05
-564 -7.34609376639087e-05
-560 -7.366260948282776e-05
-556 -7.386130277082584e-05
-552 -7.405943750066459e-05
-548 -7.425982229044183e-05
-544 -7.446561724886382e-05
-540 -7.46802831527876e-05
-536 -7.490751788109519e-05
-532 -7.515118137230372e-05
-528 -7.541521069147727e-05
-524 -7.57035270775334e-05
-520 -7.601993708833173e-05
-516 -7.636803016251121e-05
-512 -7.675107506947212e-05
-508 -7.717191781882711e-05
-504 -7.76328836457907e-05
-500 -7.81356856778575e-05
-496 -7.868134282024004e-05
-492 -7.927010927291417e-05
-488 -7.990141791156742e-05
-484 -8.057383952955002e-05
-480 -8.128505965002959e-05
-476 -8.203187427962371e-05
-472 -8.281020559023246e-05
-468 -8.361513808923158e-05
-464 -8.44409753753263e-05
-460 -8.528131708560686e-05
-456 -8.612915512768785e-05
-452 -8.69769877701662e-05
-448 -8.781694964781976e-05
-444 -8.86409552394853e-05
-440 -8.944085291242107e-05
-436 -9.020858621414499e-05
-432 -9.093635874841953e-05
-428 -9.161679871294889e-05
-424 -9.224311901758141e-05
-420 -9.280926885595514e-05
-416 -9.331007267970907e-05
-412 -9.374135272725608e-05
-408 -9.410003158831109e-05
-404 -9.438421173501664e-05
-400 -9.45932295092508e-05
-396 -9.47276817068999e-05
-392 -9.478942362239044e-05
-388 -9.478153818587272e-05
-384 -9.470827661412812e-05
-380 -9.457497177663238e-05
-376 -9.438792622300116e-05
-372 -9.415427750202771e-05
-368 -9.388184400370622e-05
-364 -9.357895505632082e-05
-360 -9.325426939802374e-05
-356 -9.29165864086322e-05
-352 -9.257465463008427e-05
-348 -9.22369821250916e-05
-344 -9.191165312914375e-05
-340 -9.160615525024308e-05
-336 -9.13272211749998e-05
-332 -9.108068846160137e-05
-328 -9.087138055274924e-05
-324 -9.070301163773677e-05
-320 -9.05781174445015e-05
-316 -9.0498013460847e-05
-312 -9.046278147916758e-05
-308 -9.047128474024666e-05
-304 -9.052121132772876e-05
-300 -9.060914484437289e-05
-296 -9.073066079308433e-05
-292 -9.088044649966988e-05
-288 -9.105244186083531e-05
-284 -9.123999769185286e-05
-280 -9.143604799622148e-05
-276 -9.163329209787744e-05
-272 -9.18243822785859e-05
-268 -9.200211236200293e-05
-264 -9.215960259313432e-05
-260 -9.229047618673764e-05
-256 -9.238902306671323e-05
-252 -9.24503465927253e-05
-248 -9.247048946761215e-05
-244 -9.244653553203392e-05
-240 -9.237668476866535e-05
-236 -9.226029953978195e-05
-232 -9.209792084787626e-05
-228 -9.18912542144205e-05
-224 -9.164312559051472e-05
-220 -9.135740851771826e-05
-216 -9.103892452138185e-05
-212 -9.069331941786832e-05
-208 -9.032691882995705e-05
-204 -8.994656671438796e-05
-200 -8.955945109960692e-05
-196 -8.917292150294958e-05
-192 -8.879430264241885e-05
-188 -8.843070908096984e-05
-184 -8.80888653469595e-05
-180 -8.777493587232646e-05
-176 -8.74943687915506e-05
-172 -8.725175726227031e-05
-168 -8.705072151576677e-05
-164 -8.689381433547603e-05
-160 -8.678245210652604e-05
-156 -8.671687299051552e-05
-152 -8.669612316771231e-05
-148 -8.671807146314837e-05
-144 -8.677945204270378e-05
-140 -8.687593423904298e-05
-136 -8.700221795423389e-05
-132 -8.71521524957634e-05
-128 -8.731887614601725e-05
-124 -8.749497325374596e-05
-120 -8.767264518212535e-05
-116 -8.784389106494775e-05
-112 -8.800069402357667e-05
-108 -8.813520829536999e-05
-104 -8.823994263071358e-05
-100 -8.830793533978865e-05
-96 -8.833291651762035e-05
-92 -8.830945324891644e-05
-88 -8.823307399005591e-05
-84 -8.810036883690642e-05
-80 -8.790906300140605e-05
-76 -8.765806151992139e-05
-72 -8.734746398100631e-05
-68 -8.697854886496279e-05
-64 -8.655372790612956e-05
-60 -8.607647169400647e-05
-56 -8.555120849474791e-05
-52 -8.498319897580015e-05
-48 -8.437839013220642e-05
-44 -8.374325222617181e-05
-40 -8.30846029493107e-05
-36 -8.240942329205724e-05
-32 -8.172466975436675e-05
-28 -8.103708755806004e-05
-24 -8.03530294298583e-05
-20 -7.967828432445419e-05
-16 -7.90179201602341e-05
-12 -7.837614425931367e-05
-8 -7.775618473165842e-05
-4 -7.716019553346851e-05
0 -7.658918737517951e-05
4 -7.604298606599108e-05
8 -7.552021927026627e-05
12 -7.50183320260807e-05
16 -7.453363074659563e-05
20 -7.406135479945557e-05
24 -7.359577414695545e-05
28 -7.313031093965613e-05
32 -7.265768239871819e-05
36 -7.217006180876738e-05
40 -7.165925398579224e-05
44 -7.111688119639828e-05
48 -7.053457519885292e-05
52 -6.990417086549389e-05
56 -6.921789674170227e-05
60 -6.846855790805954e-05
64 -6.764970664570814e-05
68 -6.675579666261484e-05
72 -6.578231701816483e-05
76 -6.47259023780677e-05
80 -6.358441682877112e-05
84 -6.235700916347652e-05
88 -6.104413829938478e-05
92 -5.964756827370654e-05
96 -5.817033306797867e-05
100 -5.6616672299398926e-05
104 -5.499193956803252e-05
108 -5.330248593572701e-05
112 -5.155552161553848e-05
116 -4.975895945274617e-05
120 -4.7921244168269e-05
124 -4.6051171605702396e-05
128 -4.415770237248686e-05
132 -4.2249774296706696e-05
136 -4.033611804044699e-05
140 -3.8425080028313775e-05
144 -3.652445657764588e-05
148 -3.464134276825223e-05
152 -3.278199917771858e-05
156 -3.0951739146534095e-05
160 -2.915483873766219e-05
164 -2.7394471028700557e-05
168 -2.5672665831079766e-05
172 -2.3990295378286574e-05
176 -2.2347085971492178e-05
180 -2.0741655023228756e-05
184 -1.9171572404991177e-05
188 -1.7633444490219807e-05
192 -1.6123018798204216e-05
196 -1.4635306696106714e-05
200 -1.3164721215545105e-05
204 -1.1705226697732185e-05
208 -1.0250496708164603e-05
212 -8.7940764690756e-06
216 -7.329545955155585e-06
220 -5.850679793360474e-06
224 -4.3516002062357455e-06
228 -2.826919441929055e-06
232 -1.2718684406620167e-06
236 3.175911097681139e-07
240 1.944673689106741e-06
244 3.611697632710941e-06
248 5.320034787202644e-06
252 7.070082692185906e-06
256 8.86125920555534e-06
260 1.0692018868201398e-05
264 1.2559889724533782e-05
268 1.4461528799160387e-05
272 1.6392793994794058e-05
276 1.834882983540345e-05
280 2.032416424028269e-05
284 2.231281338249895e-05
288 2.4308391657515595e-05
292 2.6304223858458382e-05
296 2.8293456813319937e-05
300 3.0269167973079555e-05
304 3.2224468732796136e-05
308 3.415260060364596e-05
312 3.6047022715823765e-05
316 3.7901489504165645e-05
320 3.971011779564049e-05
324 4.146744286782149e-05
328 4.3168463369768144e-05
332 4.480867528361501e-05
336 4.638409535129629e-05
340 4.789127459335087e-05
344 4.932730270495215e-05
348 5.068980422930256e-05
352 5.1976927482971635e-05
356 5.3187327245370204e-05
360 5.4320142229849116e-05
364 5.537496833183266e-05
368 5.6351828604992274e-05
372 5.7251140854754866e-05
376 5.807368366405733e-05
380 5.882056158353615e-05
384 5.949317013101346e-05
388 6.009316115645458e-05
392 6.06224090412006e-05
396 6.108297811633037e-05
400 6.147709160614393e-05
404 6.180710233010664e-05
408 6.207546533094796e-05
412 6.22847125383634e-05
416 6.243742952706773e-05
420 6.253623438465166e-05
424 6.258375866854156e-05
428 6.258263040185241e-05
432 6.253545903456817e-05
436 6.24448222786062e-05
440 6.231325471231271e-05
444 6.214323804109514e-05
448 6.193719289560583e-05
452 6.169747204651271e-05
456 6.142635491487791e-05
460 6.112604325902127e-05
464 6.079865792203642e-05
468 6.0446236528504604e-05
472 6.007073202414523e-05
476 5.9674011957911296e-05
480 5.92578584122481e-05
484 5.882396849372327e-05
488 5.837395530295807e-05
492 5.790934930959545e-05
496 5.74316000649168e-05
500 5.694207819150911e-05
504 5.6442077596052094e-05
508 5.5932817857687274e-05
512 5.541544675045876e-05
516 5.4891042863886214e-05
520 5.43606182907326e-05
524 5.382512135542812e-05
528 5.3285439360374785e-05
532 5.274240133050148e-05
536 5.219678073903852e-05
540 5.1649298199610695e-05
544 5.110062411155156e-05
548 5.0551381246925e-05
552 5.000214726924523e-05
556 4.945345717539005e-05
560 4.890580565379593e-05
564 4.835964935369043e-05
568 4.781540906186666e-05
572 4.7273471785247316e-05
576 4.673419273914481e-05
580 4.6197897242596964e-05
584 4.566488252334488e-05
588 4.513541943585883e-05
592 4.4609754096267444e-05
596 4.408810943811903e-05
600 4.35706866926481e-05
604 4.3057666796718926e-05
608 4.2549211730982446e-05
612 4.204546579013725e-05
616 4.15465567866206e-05
620 4.1052597188684015e-05
624 4.0563685193659194e-05
628 4.007990573733835e-05
632 3.960133144071975e-05
636 3.9128023495893086e-05
640 3.866003249344991e-05
644 3.819739919441093e-05
648 3.774015525022317e-05
652 3.728832387474763e-05
656 3.684192047235978e-05
660 3.640095322623934e-05
664 3.5965423650665464e-05
668 3.553532711069927e-05
672 3.511065331206143e-05
676 3.469138676337176e-05
680 3.4277507212307525e-05
684 3.3868990056664576e-05
688 3.346580673089405e-05
692 3.30679250684121e-05
696 3.267530963986964e-05
700 3.2287922067642526e-05
704 3.1905721316981744e-05
708 3.1528663964541544e-05
712 3.115670444532937e-05
716 3.078979527942237e-05
720 3.0427887280063277e-05
724 3.0070929744910897e-05
728 2.971887063229276e-05
732 2.9371656724264126e-05
736 2.9029233778132384e-05
740 2.8691546667884443e-05
744 2.8358539516683955e-05
748 2.8030155821306353e-05
752 2.7706338569107705e-05
756 2.738703034786931e-05
760 2.7072173448679326e-05
764 2.6761709961891397e-05
768 2.6455581866133614e-05
772 2.6153731110362807e-05
776 2.5856099688999176e-05
780 2.5562629710265157e-05
784 2.527326345796111e-05
788 2.4987943446999377e-05
792 2.4706612473115807e-05
796 2.4429213657243295e-05
800 2.415569048506341e-05
804 2.3885986842274085e-05
808 2.3620047046086716e-05
812 2.335781587343372e-05
816 2.309923858631304e-05
820 2.2844260954635498e-05
824 2.259282927687594e-05
828 2.234489039876796e-05
832 2.2100391730219065e-05
836 2.1859281260587363e-05
840 2.1621507572409357e-05
844 2.138701985364867e-05
848 2.1155767908514357e-05
852 2.0927702166884442e-05
856 2.070277369236598e-05
860 2.048093418902314e-05
864 2.0262136006807504e-05
868 2.0046332145727183e-05
872 1.9833476258799377e-05
876 1.9623522653836244e-05
880 1.941642629411876e-05
884 1.9212142798018668e-05
888 1.9010628437633955e-05
892 1.88118401365059e-05
896 1.861573546649086e-05
900 1.8422272643860573e-05
904 1.8231410524707695e-05
908 1.804310859973506e-05
912 1.7857326988505702e-05
916 1.7674026433232258e-05
920 1.7493168292181243e-05
924 1.731471453276716e-05
928 1.7138627724405595e-05
932 1.6964871031192857e-05
936 1.6793408204472726e-05
940 1.662420357534583e-05
944 1.645722204717067e-05
948 1.6292429088097443e-05
952 1.6129790723669505e-05
956 1.5969273529519922e-05
960 1.581084462418175e-05
964 1.565447166202692e-05
968 1.5500122826337284e-05
972 1.5347766822510557e-05
976 1.5197372871395066e-05
980 1.504891070274284e-05
984 1.4902350548771169e-05
988 1.4757663137812533e-05
992 1.4614819688038502e-05
996 1.4473791901237478e-05
