-400.0 -200.0 -700.0 -600.0 -0.06562634396799628
-200.0 0.0 -700.0 -600.0 -0.03977717567265992
0.0 200.0 -700.0 -600.0 -0.039775271512695436
200.0 400 -700.0 -600.0 -0.06562253068137243
-400.0 -200.0 -600.0 -500.0 -0.13235116217327983
-200.0 0.0 -600.0 -500.0 -0.03333923057878752
0.0 200.0 -600.0 -500.0 -0.033334897221129686
200.0 400 -600.0 -500.0 -0.13233811735641246
-400.0 -200.0 -500.0 -400.0 -0.3144075303465461
-200.0 0.0 -500.0 -400.0 0.021192723659436436
0.0 200.0 -500.0 -400.0 0.021199725617833565
200.0 400 -500.0 -400.0 -0.3143814410407175
-400.0 -200.0 -400.0 -300.0 0.6435275108957392
-200.0 0.0 -400.0 -300.0 0.2518057116797726
0.0 200.0 -400.0 -300.0 0.25181466544010955
200.0 400 -400.0 -300.0 0.6435335429625423
-400.0 -200.0 -300.0 -200.0 0.643681960546879
-200.0 0.0 -300.0 -200.0 1.0419388602843271
0.0 200.0 -300.0 -200.0 1.04194831470032
200.0 400 -300.0 -200.0 0.6436879892447752
-400.0 -200.0 -200.0 -100.0 0.4448321132742571
-200.0 0.0 -200.0 -100.0 -0.36841657310298237
0.0 200.0 -200.0 -100.0 -0.3684179443554938
200.0 400 -200.0 -100.0 0.44483642590708716
-400.0 -200.0 -100.0 0 0.43132461448933507
-200.0 0.0 -100.0 0 0.23268905591994068
0.0 200.0 -100.0 0 0.23268990544225873
200.0 400 -100.0 0 0.43132790257465065
