-1000.0 -930.0 -500.0 -460.0 -0.0007124412571233519
-930.0 -860.0 -500.0 -460.0 -0.000740284918330258
-860.0 -790.0 -500.0 -460.0 -0.00064550352866961
-790.0 -720.0 -500.0 -460.0 -0.0004450160017280073
-720.0 -650.0 -500.0 -460.0 -0.0001829521345182959
-650.0 -580.0 -500.0 -460.0 9.497366748243926e-05
-580.0 -510.0 -500.0 -460.0 0.0003563451159823764
-510.0 -440.0 -500.0 -460.0 0.0005805652477993455
-440.0 -370.0 -500.0 -460.0 0.00075338107760899
-370.0 -300.0 -500.0 -460.0 0.0008666305744190571
-300.0 -230.0 -500.0 -460.0 0.0009186748646752368
-230.0 -160.0 -500.0 -460.0 0.0009089570218608092
-160.0 -90.0 -500.0 -460.0 0.0008296095748954194
-90.0 -20.0 -500.0 -460.0 0.0006637861649070421
-20.0 50.0 -500.0 -460.0 0.00039778501369602646
50.0 120.0 -500.0 -460.0 4.380689171720537e-05
120.0 190.0 -500.0 -460.0 -0.0003424544820591568
190.0 260.0 -500.0 -460.0 -0.0006693626838316979
260.0 330.0 -500.0 -460.0 -0.00084739437137541
330.0 400 -500.0 -460.0 -0.0008366088016652137
-1000.0 -930.0 -460.0 -420.0 -0.0009079549888617107
-930.0 -860.0 -460.0 -420.0 -0.0009629053666042425
-860.0 -790.0 -460.0 -420.0 -0.000842234648904129
-790.0 -720.0 -460.0 -420.0 -0.0005757131343615427
-720.0 -650.0 -460.0 -420.0 -0.00023427491969804645
-650.0 -580.0 -460.0 -420.0 0.00011651248051389271
-580.0 -510.0 -460.0 -420.0 0.00043863592098550947
-510.0 -440.0 -460.0 -420.0 0.0007116385269575819
-440.0 -370.0 -460.0 -420.0 0.0009196317403403672
-370.0 -300.0 -460.0 -420.0 0.0010537163571895387
-300.0 -230.0 -460.0 -420.0 0.001116475059391593
-230.0 -160.0 -460.0 -420.0 0.0011130319329410267
-160.0 -90.0 -460.0 -420.0 0.0010342163725336898
-90.0 -20.0 -460.0 -420.0 0.0008499760329010514
-20.0 50.0 -460.0 -420.0 0.0005267586818781936
50.0 120.0 -460.0 -420.0 6.645648064155916e-05
120.0 190.0 -460.0 -420.0 -0.000458378612062024
190.0 260.0 -460.0 -420.0 -0.0009102634683854006
260.0 330.0 -460.0 -420.0 -0.0011478285682214738
330.0 400 -460.0 -420.0 -0.0011076168146276592
-1000.0 -930.0 -420.0 -380.0 -0.0011710061685709585
-930.0 -860.0 -420.0 -380.0 -0.0012697918685091703
-860.0 -790.0 -420.0 -380.0 -0.0011093382929804013
-790.0 -720.0 -420.0 -380.0 -0.0007441443699572296
-720.0 -650.0 -420.0 -380.0 -0.0002924283693734879
-650.0 -580.0 -420.0 -380.0 0.00015058182662862387
-580.0 -510.0 -420.0 -380.0 0.0005456388279629624
-510.0 -440.0 -420.0 -380.0 0.0008777230044135846
-440.0 -370.0 -420.0 -380.0 0.0011275747672222253
-370.0 -300.0 -420.0 -380.0 0.0012832145251447055
-300.0 -230.0 -420.0 -380.0 0.0013552015068380382
-230.0 -160.0 -420.0 -380.0 0.0013614380219735018
-160.0 -90.0 -420.0 -380.0 0.0012941549059262722
-90.0 -20.0 -420.0 -380.0 0.0011028462354192303
-20.0 50.0 -420.0 -380.0 0.0007178824340407369
50.0 120.0 -420.0 -380.0 0.00011617172225397791
120.0 190.0 -420.0 -380.0 -0.0006100382556373177
190.0 260.0 -420.0 -380.0 -0.0012507211674131896
260.0 330.0 -420.0 -380.0 -0.0015769371407589991
330.0 400 -420.0 -380.0 -0.0014845077281282855
-1000.0 -930.0 -380.0 -340.0 -0.0015325903999558485
-930.0 -860.0 -380.0 -340.0 -0.0017033381583560902
-860.0 -790.0 -380.0 -340.0 -0.0014776735904552748
-790.0 -720.0 -380.0 -340.0 -0.000958849489335569
-720.0 -650.0 -380.0 -340.0 -0.0003511292207818288
-650.0 -580.0 -380.0 -340.0 0.00020559578370150358
-580.0 -510.0 -380.0 -340.0 0.000685113368088744
-510.0 -440.0 -380.0 -340.0 0.0010898828085529032
-440.0 -370.0 -380.0 -340.0 0.0013909400188885713
-370.0 -300.0 -380.0 -340.0 0.0015660864529899148
-300.0 -230.0 -380.0 -340.0 0.0016406449876121278
-230.0 -160.0 -380.0 -340.0 0.001659465066474075
-160.0 -90.0 -380.0 -340.0 0.0016231742869621429
-90.0 -20.0 -380.0 -340.0 0.00145071596225292
-20.0 50.0 -380.0 -340.0 0.0010085116680839236
50.0 120.0 -380.0 -340.0 0.00021909893354279356
120.0 190.0 -380.0 -340.0 -0.0008060788929991007
190.0 260.0 -380.0 -340.0 -0.0017404530520106895
260.0 330.0 -380.0 -340.0 -0.0022037162747057418
330.0 400 -380.0 -340.0 -0.0020188086542110187
-1000.0 -930.0 -340.0 -300.0 -0.002042909609246742
-930.0 -860.0 -340.0 -300.0 -0.002334525968804349
-860.0 -790.0 -340.0 -300.0 -0.001995121217480943
-790.0 -720.0 -340.0 -300.0 -0.001226382181065664
-720.0 -650.0 -340.0 -300.0 -0.00039374849443409314
-650.0 -580.0 -340.0 -300.0 0.00029464168350759086
-580.0 -510.0 -340.0 -300.0 0.0008649352721722891
-510.0 -440.0 -340.0 -300.0 0.001363267369838242
-440.0 -370.0 -340.0 -300.0 0.0017312655042652164
-370.0 -300.0 -340.0 -300.0 0.0019180862601246868
-300.0 -230.0 -340.0 -300.0 0.0019771667067994265
-230.0 -160.0 -340.0 -300.0 0.0020082025515851198
-160.0 -90.0 -340.0 -300.0 0.002035606488544854
-90.0 -20.0 -340.0 -300.0 0.0019348796009814302
-20.0 50.0 -340.0 -300.0 0.001461452442363227
50.0 120.0 -340.0 -300.0 0.00042523406015466806
120.0 190.0 -340.0 -300.0 -0.0010539385821701401
190.0 260.0 -340.0 -300.0 -0.002459506564577716
260.0 330.0 -340.0 -300.0 -0.0031434714919871772
330.0 400 -340.0 -300.0 -0.002793558794023952
-1000.0 -930.0 -300.0 -260.0 -0.002787350182043952
-930.0 -860.0 -300.0 -260.0 -0.003287737036483339
-860.0 -790.0 -300.0 -260.0 -0.002738383283207788
-790.0 -720.0 -300.0 -260.0 -0.0015443415081326727
-720.0 -650.0 -300.0 -260.0 -0.000380383706771902
-650.0 -580.0 -300.0 -260.0 0.00043664707598650834
-580.0 -510.0 -300.0 -260.0 0.0010880204221526166
-510.0 -440.0 -300.0 -260.0 0.0017192924767655726
-440.0 -370.0 -300.0 -260.0 0.002185444557154658
-370.0 -300.0 -300.0 -260.0 0.0023638220270556236
-300.0 -230.0 -300.0 -260.0 0.002365208235387643
-230.0 -160.0 -300.0 -260.0 0.0023985588981657547
-160.0 -90.0 -300.0 -260.0 0.002542348865086396
-90.0 -20.0 -300.0 -260.0 0.0026151670650806126
-20.0 50.0 -300.0 -260.0 0.0021842188660053264
50.0 120.0 -300.0 -260.0 0.0008310899692285236
120.0 190.0 -300.0 -260.0 -0.0013541485249969148
190.0 260.0 -300.0 -260.0 -0.0035405374579539415
260.0 330.0 -300.0 -260.0 -0.004596091185168213
330.0 400 -300.0 -260.0 -0.003947775163451795
-1000.0 -930.0 -260.0 -220.0 -0.00392081399919641
-930.0 -860.0 -260.0 -220.0 -0.004791674318673945
-860.0 -790.0 -260.0 -220.0 -0.0038348481312150576
-790.0 -720.0 -260.0 -220.0 -0.001884195165324474
-720.0 -650.0 -260.0 -220.0 -0.00021731109302295458
-650.0 -580.0 -260.0 -220.0 0.000654645535407636
-580.0 -510.0 -260.0 -220.0 0.0013368706931940514
-510.0 -440.0 -260.0 -220.0 0.00219077353610329
-440.0 -370.0 -260.0 -220.0 0.0028227164025742203
-370.0 -300.0 -260.0 -220.0 0.0029449275944440083
-300.0 -230.0 -260.0 -220.0 0.0027960234228030264
-230.0 -160.0 -260.0 -220.0 0.002799588859718952
-160.0 -90.0 -260.0 -220.0 0.003141048546830741
-90.0 -20.0 -260.0 -220.0 0.003576564722464305
-20.0 50.0 -260.0 -220.0 0.003364902398941163
50.0 120.0 -260.0 -220.0 0.0016262467778180444
120.0 190.0 -260.0 -220.0 -0.0016857274435319615
190.0 260.0 -260.0 -220.0 -0.005210514080853368
260.0 330.0 -260.0 -220.0 -0.006922681603101729
330.0 400 -260.0 -220.0 -0.005725863464904346
-1000.0 -930.0 -220.0 -180.0 -0.005751566580957458
-930.0 -860.0 -220.0 -180.0 -0.007287452075828113
-860.0 -790.0 -220.0 -180.0 -0.005504910374742159
-790.0 -720.0 -220.0 -180.0 -0.002152054836936611
-720.0 -650.0 -220.0 -180.0 0.0003211575985561043
-650.0 -580.0 -220.0 -180.0 0.0009608132053502996
-580.0 -510.0 -220.0 -180.0 0.0015295497520498949
-510.0 -440.0 -220.0 -180.0 0.002837171446791378
-440.0 -370.0 -220.0 -180.0 0.0037844884568230463
-370.0 -300.0 -220.0 -180.0 0.0037362649528524783
-300.0 -230.0 -220.0 -180.0 0.0032396938715808996
-230.0 -160.0 -220.0 -180.0 0.0031362767852403917
-160.0 -90.0 -220.0 -180.0 0.003793770208776487
-90.0 -20.0 -220.0 -180.0 0.004933784457620362
-20.0 50.0 -220.0 -180.0 0.005342352699691931
50.0 120.0 -220.0 -180.0 0.003193405556694763
120.0 190.0 -220.0 -180.0 -0.001969858233440774
190.0 260.0 -220.0 -180.0 -0.007872514548906482
260.0 330.0 -220.0 -180.0 -0.010806701281640746
330.0 400 -220.0 -180.0 -0.008587293522745456
-1000.0 -930.0 -180.0 -140.0 -0.008986907849635056
-930.0 -860.0 -180.0 -140.0 -0.011660852927900946
-860.0 -790.0 -180.0 -140.0 -0.0081494154169628
-790.0 -720.0 -180.0 -140.0 -0.0021086920660469246
-720.0 -650.0 -180.0 -140.0 0.0018172152209700006
-650.0 -580.0 -180.0 -140.0 0.0012859852798599283
-580.0 -510.0 -180.0 -140.0 0.0013963552668434312
-510.0 -440.0 -180.0 -140.0 0.003796174458870802
-440.0 -370.0 -180.0 -140.0 0.005381830386513786
-370.0 -300.0 -180.0 -140.0 0.004877832049742313
-300.0 -230.0 -180.0 -140.0 0.0036149475514918807
-230.0 -160.0 -180.0 -140.0 0.0032477410424006097
-160.0 -90.0 -180.0 -140.0 0.0043779328321164115
-90.0 -20.0 -180.0 -140.0 0.006820085657980624
-20.0 50.0 -180.0 -140.0 0.008755286279791132
50.0 120.0 -180.0 -140.0 0.006337842104399049
120.0 190.0 -180.0 -140.0 -0.001978132834254278
190.0 260.0 -180.0 -140.0 -0.012279331678041853
260.0 330.0 -180.0 -140.0 -0.017611433023523408
330.0 400 -180.0 -140.0 -0.013484708486923475
-1000.0 -930.0 -140.0 -100 -0.015653572514584938
-930.0 -860.0 -140.0 -100 -0.0038264590352663137
-860.0 -790.0 -140.0 -100 -0.0038248706794687254
-790.0 -720.0 -140.0 -100 -0.00238253521658585
-720.0 -650.0 -140.0 -100 -0.0008420995979780989
-650.0 -580.0 -140.0 -100 1.107242636719262e-07
-580.0 -510.0 -140.0 -100 0.0012405298960557348
-510.0 -440.0 -140.0 -100 0.00546986716514398
-440.0 -370.0 -140.0 -100 0.008350525457425343
-370.0 -300.0 -140.0 -100 0.006640249944550775
-300.0 -230.0 -140.0 -100 0.00370292545037287
-230.0 -160.0 -140.0 -100 0.0028061031334836607
-160.0 -90.0 -140.0 -100 0.004581826038743696
-90.0 -20.0 -140.0 -100 0.00930101198473263
-20.0 50.0 -140.0 -100 0.002115859624728865
50.0 120.0 -140.0 -100 0.002114580252804321
120.0 190.0 -140.0 -100 1.7720703187899235e-06
190.0 260.0 -140.0 -100 -0.00224560336301256
260.0 330.0 -140.0 -100 -0.030219231866654726
330.0 400 -140.0 -100 -0.022714973198643528
