-1000.0 -912.5 -500.0 -450.0 -0.0108382662605774
-912.5 -825.0 -500.0 -450.0 -0.012689109108379016
-825.0 -737.5 -500.0 -450.0 -0.031367163524178565
-737.5 -650.0 -500.0 -450.0 -1.8564152970671325e-06
-650.0 -562.5 -500.0 -450.0 0.015247673285178207
-562.5 -475.0 -500.0 -450.0 0.02965257181847817
-475.0 -387.5 -500.0 -450.0 0.028174544603161444
-387.5 -300.0 -500.0 -450.0 0.021967824770039585
-300.0 -212.5 -500.0 -450.0 0.007293239268248525
-212.5 -125.0 -500.0 -450.0 -0.010053268521607367
-125.0 -37.5 -500.0 -450.0 -0.01931780952223536
-37.5 50.0 -500.0 -450.0 -0.024772804674405905
50.0 137.5 -500.0 -450.0 -0.018224631111366147
137.5 225.0 -500.0 -450.0 -0.010930198986189105
225.0 312.5 -500.0 -450.0 -0.0031954878875810533
312.5 400 -500.0 -450.0 -0.0050050226010302755
-1000.0 -912.5 -450.0 -400.0 0.04814596387271119
-912.5 -825.0 -450.0 -400.0 -0.016065811278775412
-825.0 -737.5 -450.0 -400.0 -0.015503920810276411
-737.5 -650.0 -450.0 -400.0 -0.01438020934429085
-650.0 -562.5 -450.0 -400.0 -0.013558013400041051
-562.5 -475.0 -450.0 -400.0 -0.011972022350441466
-475.0 -387.5 -450.0 -400.0 -0.00883178501633193
-387.5 -300.0 -450.0 -400.0 -0.00503121203423825
-300.0 -212.5 -450.0 -400.0 -0.0019490903445038156
-212.5 -125.0 -450.0 -400.0 0.00032825285024842675
-125.0 -37.5 -450.0 -400.0 0.0029916383315630813
-37.5 50.0 -450.0 -400.0 0.007204691161000007
50.0 137.5 -450.0 -400.0 0.013087745566226789
137.5 225.0 -450.0 -400.0 0.019160672792614807
225.0 312.5 -450.0 -400.0 0.022282997855943364
312.5 400 -450.0 -400.0 -0.004451029034081799
-1000.0 -912.5 -400.0 -350.0 0.10974551712955724
-912.5 -825.0 -400.0 -350.0 -0.020909060019433524
-825.0 -737.5 -400.0 -350.0 -0.018666482323367574
-737.5 -650.0 -400.0 -350.0 -0.016675272118796353
-650.0 -562.5 -400.0 -350.0 -0.01641828846676618
-562.5 -475.0 -400.0 -350.0 -0.015093152159818875
-475.0 -387.5 -400.0 -350.0 -0.01076445089090316
-387.5 -300.0 -400.0 -350.0 -0.005344954349726445
-300.0 -212.5 -400.0 -350.0 -0.0017381761740290218
-212.5 -125.0 -400.0 -350.0 -9.43948026761336e-06
-125.0 -37.5 -400.0 -350.0 0.0022548322812907034
-37.5 50.0 -400.0 -350.0 0.007237550374247341
50.0 137.5 -400.0 -350.0 0.015478195675293783
137.5 225.0 -400.0 -350.0 0.025143532568484273
225.0 312.5 -400.0 -350.0 0.031083378356258923
312.5 400 -400.0 -350.0 -0.01815751799680888
-1000.0 -912.5 -350.0 -300.0 0.18180280665318435
-912.5 -825.0 -350.0 -300.0 -0.02826301877410536
-825.0 -737.5 -350.0 -300.0 -0.022008129546090976
-737.5 -650.0 -350.0 -300.0 -0.018483853195814647
-650.0 -562.5 -350.0 -300.0 -0.02011439547532911
-562.5 -475.0 -350.0 -300.0 -0.019906678225052286
-475.0 -387.5 -350.0 -300.0 -0.01340048095072016
-387.5 -300.0 -350.0 -300.0 -0.004924965892167601
-300.0 -212.5 -350.0 -300.0 -0.0007280585458372031
-212.5 -125.0 -350.0 -300.0 -0.0006060898741727438
-125.0 -37.5 -350.0 -300.0 0.00039190040506060933
-37.5 50.0 -350.0 -300.0 0.006049152684567074
50.0 137.5 -350.0 -300.0 0.017565182224984984
137.5 225.0 -350.0 -300.0 0.03320886415996735
225.0 312.5 -350.0 -300.0 0.04485388743748094
312.5 400 -350.0 -300.0 -0.04629407375014908
-1000.0 -912.5 -300.0 -250.0 0.26799680278916377
-912.5 -825.0 -300.0 -250.0 -0.0402425847665674
-825.0 -737.5 -300.0 -250.0 -0.02446093529703357
-737.5 -650.0 -300.0 -250.0 -0.01831352561601317
-650.0 -562.5 -300.0 -250.0 -0.025226011862373863
-562.5 -475.0 -300.0 -250.0 -0.02820175149430935
-475.0 -387.5 -300.0 -250.0 -0.017260891488380028
-387.5 -300.0 -300.0 -250.0 -0.002581246298460605
-300.0 -212.5 -300.0 -250.0 0.0021074682644848957
-212.5 -125.0 -300.0 -250.0 -0.001702879718071439
-125.0 -37.5 -300.0 -250.0 -0.00354275287390979
-37.5 50.0 -300.0 -250.0 0.002503703492959083
50.0 137.5 -300.0 -250.0 0.018265972972415275
137.5 225.0 -300.0 -250.0 0.043738867986643816
225.0 312.5 -300.0 -250.0 0.0673245175395189
312.5 400 -300.0 -250.0 -0.09685972737583103
-1000.0 -912.5 -250.0 -200.0 0.4097607758013894
-912.5 -825.0 -250.0 -200.0 -0.061351221290897415
-825.0 -737.5 -250.0 -200.0 -0.02270116042674629
-737.5 -650.0 -250.0 -200.0 -0.012416544020931687
-650.0 -562.5 -250.0 -200.0 -0.033181219600295596
-562.5 -475.0 -250.0 -200.0 -0.04420557178224749
-475.0 -387.5 -250.0 -200.0 -0.023409999492386525
-387.5 -300.0 -250.0 -200.0 0.004661270111296925
-300.0 -212.5 -250.0 -200.0 0.008971839771634817
-212.5 -125.0 -250.0 -200.0 -0.004041624096744037
-125.0 -37.5 -250.0 -200.0 -0.01128463782722104
-37.5 50.0 -250.0 -200.0 -0.005221634590775879
50.0 137.5 -250.0 -200.0 0.015149452737134328
137.5 225.0 -250.0 -200.0 0.05611964950569551
225.0 312.5 -250.0 -200.0 0.10559007662702764
312.5 400 -250.0 -200.0 -0.18109160665529295
-1000.0 -912.5 -200.0 -150.0 0.435404109442042
-912.5 -825.0 -200.0 -150.0 -0.10119680860472409
-825.0 -737.5 -200.0 -150.0 -0.006999537890308782
-737.5 -650.0 -200.0 -150.0 0.008636857075114886
-650.0 -562.5 -200.0 -150.0 -0.04784644910221613
-562.5 -475.0 -200.0 -150.0 -0.0783838588951377
-475.0 -387.5 -200.0 -150.0 -0.03417141096036496
-387.5 -300.0 -200.0 -150.0 0.02467635511280184
-300.0 -212.5 -200.0 -150.0 0.02466175179797515
-212.5 -125.0 -200.0 -150.0 -0.010106049356526139
-125.0 -37.5 -200.0 -150.0 -0.026181705924704576
-37.5 50.0 -200.0 -150.0 -0.019646135066723656
50.0 137.5 -200.0 -150.0 0.0029826160065842214
137.5 225.0 -200.0 -150.0 0.06586746018536423
225.0 312.5 -200.0 -150.0 0.1730409835937955
312.5 400 -200.0 -150.0 -0.3181256371368773
-1000.0 -912.5 -150.0 -100 0.6141001185319374
-912.5 -825.0 -150.0 -100 0.5114350594536231
-825.0 -737.5 -150.0 -100 0.571788861377599
-737.5 -650.0 -150.0 -100 0.5352219205674411
-650.0 -562.5 -150.0 -100 0.6985418421232314
-562.5 -475.0 -150.0 -100 0.709160443012446
-475.0 -387.5 -150.0 -100 0.5427561266800818
-387.5 -300.0 -150.0 -100 0.2908216699238013
-300.0 -212.5 -150.0 -100 0.2283088546281722
-212.5 -125.0 -150.0 -100 0.20746176260470092
-125.0 -37.5 -150.0 -100 0.11556867806507931
-37.5 50.0 -150.0 -100 -0.04203008545784321
50.0 137.5 -150.0 -100 -0.1575987397923734
137.5 225.0 -150.0 -100 -0.36471444406873293
225.0 312.5 -150.0 -100 -0.4471861880427229
312.5 400 -150.0 -100 -0.6162153443345704
