-1000.0 -930.0 -500.0 -460.0 -8.163152173989995e-05
-930.0 -860.0 -500.0 -460.0 -9.711232928922263e-05
-860.0 -790.0 -500.0 -460.0 -0.00010394377473127831
-790.0 -720.0 -500.0 -460.0 -0.00010350765100974996
-720.0 -650.0 -500.0 -460.0 -9.980760527777263e-05
-650.0 -580.0 -500.0 -460.0 -9.740572391563116e-05
-580.0 -510.0 -500.0 -460.0 -9.981871535794475e-05
-510.0 -440.0 -500.0 -460.0 -0.00010851189280016499
-440.0 -370.0 -500.0 -460.0 -0.00012176669024528626
-370.0 -300.0 -500.0 -460.0 -0.00013328507780125643
-300.0 -230.0 -500.0 -460.0 -0.00013180100088909353
-230.0 -160.0 -500.0 -460.0 -0.00010332601753104566
-160.0 -90.0 -500.0 -460.0 -3.616833234651462e-05
-90.0 -20.0 -500.0 -460.0 7.32092417228628e-05
-20.0 50.0 -500.0 -460.0 0.00021624457694035344
50.0 120.0 -500.0 -460.0 0.000371197319280969
120.0 190.0 -500.0 -460.0 0.0005036216045222986
190.0 260.0 -500.0 -460.0 0.0005702220844548472
260.0 330.0 -500.0 -460.0 0.0005334270401593142
330.0 400 -500.0 -460.0 0.00038650129241871243
-1000.0 -930.0 -460.0 -420.0 -9.640258019982699e-05
-930.0 -860.0 -460.0 -420.0 -0.0001160477376339524
-860.0 -790.0 -460.0 -420.0 -0.00012270737055318292
-790.0 -720.0 -460.0 -420.0 -0.00011885591771891426
-720.0 -650.0 -460.0 -420.0 -0.00011088807199377781
-650.0 -580.0 -460.0 -420.0 -0.00010563868630932142
-580.0 -510.0 -460.0 -420.0 -0.00010830517579278186
-510.0 -440.0 -460.0 -420.0 -0.00012165138153360769
-440.0 -370.0 -460.0 -420.0 -0.0001446566875444817
-370.0 -300.0 -460.0 -420.0 -0.00016989730645880965
-300.0 -230.0 -460.0 -420.0 -0.0001819307282246052
-230.0 -160.0 -460.0 -420.0 -0.000159928489307043
-160.0 -90.0 -460.0 -420.0 -8.510796679987408e-05
-90.0 -20.0 -460.0 -420.0 5.019824777576969e-05
-20.0 50.0 -460.0 -420.0 0.00023685710129427547
50.0 120.0 -460.0 -420.0 0.0004482072204904702
120.0 190.0 -460.0 -420.0 0.0006393276918039325
190.0 260.0 -460.0 -420.0 0.000747065206944976
260.0 330.0 -460.0 -420.0 0.0007082767402582077
330.0 400 -460.0 -420.0 0.0005042618292056126
-1000.0 -930.0 -420.0 -380.0 -0.00011595765035322631
-930.0 -860.0 -420.0 -380.0 -0.0001414940625777382
-860.0 -790.0 -420.0 -380.0 -0.00014701335675078027
-790.0 -720.0 -420.0 -380.0 -0.00013708303894956366
-720.0 -650.0 -420.0 -380.0 -0.00012202391319039926
-650.0 -580.0 -420.0 -380.0 -0.00011185896795802956
-580.0 -510.0 -420.0 -380.0 -0.00011381226107251602
-510.0 -440.0 -420.0 -380.0 -0.0001324908670511427
-440.0 -370.0 -420.0 -380.0 -0.0001686347289326828
-370.0 -300.0 -420.0 -380.0 -0.00021428909449663935
-300.0 -230.0 -420.0 -380.0 -0.0002485594978965156
-230.0 -160.0 -420.0 -380.0 -0.00024045305118667335
-160.0 -90.0 -420.0 -380.0 -0.00016009455046827895
-90.0 -20.0 -420.0 -380.0 6.753019699500187e-06
-20.0 50.0 -420.0 -380.0 0.00025031179051097235
50.0 120.0 -420.0 -380.0 0.0005386939610029404
120.0 190.0 -420.0 -380.0 0.0008163232953123505
190.0 260.0 -420.0 -380.0 0.0009926524841957051
260.0 330.0 -420.0 -380.0 0.0009597280949375607
330.0 400 -420.0 -380.0 0.0006717645763102835
-1000.0 -930.0 -380.0 -340.0 -0.0001427629436483618
-930.0 -860.0 -380.0 -340.0 -0.00017696106480879416
-860.0 -790.0 -380.0 -340.0 -0.0001794200946741109
-790.0 -720.0 -380.0 -340.0 -0.00015895967637719491
-720.0 -650.0 -380.0 -340.0 -0.0001325257764075528
-650.0 -580.0 -380.0 -340.0 -0.00011447586834162495
-580.0 -510.0 -380.0 -340.0 -0.00011402628633224976
-510.0 -440.0 -380.0 -340.0 -0.0001381340269840008
-440.0 -370.0 -380.0 -340.0 -0.00019133129757389395
-370.0 -300.0 -380.0 -340.0 -0.0002668427716395301
-300.0 -230.0 -380.0 -340.0 -0.00033681274374515864
-230.0 -160.0 -380.0 -340.0 -0.00035495587359234555
-160.0 -90.0 -380.0 -340.0 -0.00027373884433092244
-90.0 -20.0 -380.0 -340.0 -6.848694723459039e-05
-20.0 50.0 -380.0 -340.0 0.00024897868056318503
50.0 120.0 -380.0 -340.0 0.0006409443423182211
120.0 190.0 -380.0 -340.0 0.00104570731993969
190.0 260.0 -380.0 -340.0 0.0013384382368449442
260.0 330.0 -380.0 -340.0 0.0013314505729212552
330.0 400 -380.0 -340.0 0.0009176681695513402
-1000.0 -930.0 -340.0 -300.0 -0.00018099151774243164
-930.0 -860.0 -340.0 -300.0 -0.0002284104372492462
-860.0 -790.0 -340.0 -300.0 -0.00022388048384534322
-790.0 -720.0 -340.0 -300.0 -0.00018532870673533154
-720.0 -650.0 -340.0 -300.0 -0.00014113169913987508
-650.0 -580.0 -340.0 -300.0 -0.00011123999334185203
-580.0 -510.0 -340.0 -300.0 -0.00010573774304466358
-510.0 -440.0 -340.0 -300.0 -0.0001339540442431055
-440.0 -370.0 -340.0 -300.0 -0.00020808750149087677
-370.0 -300.0 -340.0 -300.0 -0.0003267190840580699
-300.0 -230.0 -340.0 -300.0 -0.0004533163815839148
-230.0 -160.0 -340.0 -300.0 -0.0005182723056345297
-160.0 -90.0 -340.0 -300.0 -0.00044530922726652246
-90.0 -20.0 -340.0 -300.0 -0.0001924097840026156
-20.0 50.0 -340.0 -300.0 0.00022116288607552085
50.0 120.0 -340.0 -300.0 0.0007482558655591863
120.0 190.0 -340.0 -300.0 0.001337451539099529
190.0 260.0 -340.0 -300.0 0.001831436030892374
260.0 330.0 -340.0 -300.0 0.001899028015404702
330.0 400 -340.0 -300.0 0.0012927524621755327
-1000.0 -930.0 -300.0 -260.0 -0.00023810675929590764
-930.0 -860.0 -300.0 -260.0 -0.0003063930386417476
-860.0 -790.0 -300.0 -260.0 -0.0002864842677962487
-790.0 -720.0 -300.0 -260.0 -0.00021675842684677104
-720.0 -650.0 -300.0 -260.0 -0.0001454514872666607
-650.0 -580.0 -300.0 -260.0 -9.905791392251713e-05
-580.0 -510.0 -300.0 -260.0 -8.484048552518434e-05
-510.0 -440.0 -300.0 -260.0 -0.00011272528586620755
-440.0 -370.0 -300.0 -260.0 -0.0002100275941971378
-370.0 -300.0 -300.0 -260.0 -0.0003904126354679978
-300.0 -230.0 -300.0 -260.0 -0.0006065559313632299
-230.0 -160.0 -300.0 -260.0 -0.0007528613945461176
-160.0 -90.0 -300.0 -260.0 -0.0007054328076253315
-90.0 -20.0 -300.0 -260.0 -0.00039010952812840193
-20.0 50.0 -300.0 -260.0 0.00015094030279859887
50.0 120.0 -300.0 -260.0 0.0008442250694264436
120.0 190.0 -300.0 -260.0 0.0016923480696912074
190.0 260.0 -300.0 -260.0 0.0025408210938916865
260.0 330.0 -300.0 -260.0 0.0027994539440976216
330.0 400 -300.0 -260.0 0.0018922134306306713
-1000.0 -930.0 -260.0 -220.0 -0.000328479201039378
-930.0 -860.0 -260.0 -220.0 -0.000430486121093937
-860.0 -790.0 -260.0 -220.0 -0.00037641381754399916
-790.0 -720.0 -260.0 -220.0 -0.0002525698001233089
-720.0 -650.0 -260.0 -220.0 -0.00014079348714088542
-650.0 -580.0 -260.0 -220.0 -7.375988809565922e-05
-580.0 -510.0 -260.0 -220.0 -4.690392185997001e-05
-510.0 -440.0 -260.0 -220.0 -6.340087459879345e-05
-440.0 -370.0 -260.0 -220.0 -0.00018017581361417633
-370.0 -300.0 -260.0 -220.0 -0.00044890394273678887
-300.0 -230.0 -260.0 -220.0 -0.0008072417550656822
-230.0 -160.0 -260.0 -220.0 -0.001093592601330246
-160.0 -90.0 -260.0 -220.0 -0.0011058164588523328
-90.0 -20.0 -260.0 -220.0 -0.0006997880002438634
-20.0 50.0 -260.0 -220.0 2.2086492898116428e-05
50.0 120.0 -260.0 -220.0 0.0008952777716809497
120.0 190.0 -260.0 -220.0 0.0020798641760622545
190.0 260.0 -260.0 -220.0 0.0035631270403746443
260.0 330.0 -260.0 -220.0 0.004294530752639559
330.0 400 -260.0 -220.0 0.0029066852260272564
-1000.0 -930.0 -220.0 -180.0 -0.00048271035554980115
-930.0 -860.0 -220.0 -180.0 -0.000638934728656575
-860.0 -790.0 -220.0 -180.0 -0.0005065987710492266
-790.0 -720.0 -220.0 -180.0 -0.0002884896114333947
-720.0 -650.0 -220.0 -180.0 -0.00011763488656621453
-650.0 -580.0 -220.0 -180.0 -2.9626118742884354e-05
-580.0 -510.0 -220.0 -180.0 1.054731565659993e-05
-510.0 -440.0 -220.0 -180.0 3.036230489276807e-05
-440.0 -370.0 -220.0 -180.0 -8.48163242662438e-05
-370.0 -300.0 -220.0 -180.0 -0.0004821089882228463
-300.0 -230.0 -220.0 -180.0 -0.0010688038912954154
-230.0 -160.0 -220.0 -180.0 -0.001595298196692551
-160.0 -90.0 -220.0 -180.0 -0.0017411287534785877
-90.0 -20.0 -220.0 -180.0 -0.0011847230118118867
-20.0 50.0 -220.0 -180.0 -0.00016367076393735834
50.0 120.0 -220.0 -180.0 0.0008411304458752149
120.0 190.0 -220.0 -180.0 0.002380444029393363
190.0 260.0 -220.0 -180.0 0.0050122062283748095
260.0 330.0 -220.0 -180.0 0.0069158949838914454
330.0 400 -220.0 -180.0 0.004749231546518824
-1000.0 -930.0 -180.0 -140.0 -0.0007758381586726275
-930.0 -860.0 -180.0 -140.0 -0.0010101197295071995
-860.0 -790.0 -180.0 -140.0 -0.0006916916891594655
-790.0 -720.0 -180.0 -140.0 -0.00031161151584826075
-720.0 -650.0 -180.0 -140.0 -5.594060859394168e-05
-650.0 -580.0 -180.0 -140.0 4.234202568063306e-05
-580.0 -510.0 -180.0 -140.0 8.090701951752226e-05
-510.0 -440.0 -180.0 -140.0 0.00019062818994786303
-440.0 -370.0 -180.0 -140.0 0.00014860722513178247
-370.0 -300.0 -180.0 -140.0 -0.00044830368482972276
-300.0 -230.0 -180.0 -140.0 -0.0014094116658834692
-230.0 -160.0 -180.0 -140.0 -0.002342252003722622
-160.0 -90.0 -180.0 -140.0 -0.0028015959171895873
-90.0 -20.0 -180.0 -140.0 -0.0019722748980615184
-20.0 50.0 -180.0 -140.0 -0.000319814045658036
50.0 120.0 -180.0 -140.0 0.0005886084732084856
120.0 190.0 -180.0 -140.0 0.0022391957462849317
190.0 260.0 -180.0 -140.0 0.006937627165319325
260.0 330.0 -180.0 -140.0 0.011821376192258542
330.0 400 -180.0 -140.0 0.008406997568928458
-1000.0 -930.0 -140.0 -100 -0.001433394808141006
-930.0 -860.0 -140.0 -100 -0.00043654490366253225
-860.0 -790.0 -140.0 -100 -0.0004364177814565935
-790.0 -720.0 -140.0 -100 -0.0003512674780823521
-720.0 -650.0 -140.0 -100 -0.0002457873933404245
-650.0 -580.0 -140.0 -100 -0.00018158719362055468
-580.0 -510.0 -140.0 -100 -0.00016518523333188418
-510.0 -440.0 -140.0 -100 -7.62056058396454e-05
-440.0 -370.0 -140.0 -100 2.693401744087418e-08
-370.0 -300.0 -140.0 -100 3.8148347098765e-06
-300.0 -230.0 -140.0 -100 -0.0018634734539039175
-230.0 -160.0 -140.0 -100 -0.003450559884657262
-160.0 -90.0 -140.0 -100 -0.004704024552832885
-90.0 -20.0 -140.0 -100 -0.003412146842798343
-20.0 50.0 -140.0 -100 -0.034747969323704934
50.0 120.0 -140.0 -100 -0.034749705394923454
120.0 190.0 -140.0 -100 -0.05242059954048939
190.0 260.0 -140.0 -100 -0.07121241964751869
260.0 330.0 -140.0 -100 -0.10089593638139853
330.0 400 -140.0 -100 -0.10088419126904305
