-1000.0 -912.5 -500.0 -450.0 -0.0001665611384160004
-912.5 -825.0 -500.0 -450.0 -0.00018054842981357147
-825.0 -737.5 -500.0 -450.0 -0.000160776726365205
-737.5 -650.0 -500.0 -450.0 -0.00012659119598924662
-650.0 -562.5 -500.0 -450.0 0.00016904960852194705
-562.5 -475.0 -500.0 -450.0 2.6505482360973433e-08
-475.0 -387.5 -500.0 -450.0 -2.8665613034930976e-05
-387.5 -300.0 -500.0 -450.0 -1.4426651727747359e-05
-300.0 -212.5 -500.0 -450.0 3.990399941190278e-05
-212.5 -125.0 -500.0 -450.0 4.7443204504014735e-05
-125.0 -37.5 -500.0 -450.0 7.969039153364273e-06
-37.5 50.0 -500.0 -450.0 -8.146343287985088e-05
50.0 137.5 -500.0 -450.0 -0.00022048648354896187
137.5 225.0 -500.0 -450.0 -0.0004206205115859317
225.0 312.5 -500.0 -450.0 -0.000449134351704877
312.5 400 -500.0 -450.0 -0.00032426996923158477
-1000.0 -912.5 -450.0 -400.0 0.0005249771024614819
-912.5 -825.0 -450.0 -400.0 -0.00023690588883946016
-825.0 -737.5 -450.0 -400.0 -0.00019918641175003946
-737.5 -650.0 -450.0 -400.0 -0.00014506862907750592
-650.0 -562.5 -450.0 -400.0 -0.00010543267165499134
-562.5 -475.0 -450.0 -400.0 -8.296593331497297e-05
-475.0 -387.5 -450.0 -400.0 -6.439544490794325e-05
-387.5 -300.0 -450.0 -400.0 -3.709000119605646e-05
-300.0 -212.5 -450.0 -400.0 6.2385732438466386e-06
-212.5 -125.0 -450.0 -400.0 6.65350557606142e-05
-125.0 -37.5 -450.0 -400.0 0.0001326744621676151
-37.5 50.0 -450.0 -400.0 0.00018329353539748127
50.0 137.5 -450.0 -400.0 0.00020248908839200853
137.5 225.0 -450.0 -400.0 0.00018759512034566012
225.0 312.5 -450.0 -400.0 0.0001423498434539683
312.5 400 -450.0 -400.0 -9.467826742388302e-05
-1000.0 -912.5 -400.0 -350.0 0.0012517063443237416
-912.5 -825.0 -400.0 -350.0 -0.00032097135047464304
-825.0 -737.5 -400.0 -350.0 -0.00024761351458652865
-737.5 -650.0 -400.0 -350.0 -0.00015952704652573053
-650.0 -562.5 -400.0 -350.0 -0.00010946047282324769
-562.5 -475.0 -400.0 -350.0 -9.27552896791138e-05
-475.0 -387.5 -400.0 -350.0 -8.142350227282412e-05
-387.5 -300.0 -400.0 -350.0 -5.581216097775869e-05
-300.0 -212.5 -400.0 -350.0 -5.583425442858745e-06
-212.5 -125.0 -400.0 -350.0 7.466183886784643e-05
-125.0 -37.5 -400.0 -350.0 0.00017000362470984533
-37.5 50.0 -400.0 -350.0 0.000242921057940178
50.0 137.5 -400.0 -350.0 0.0002680657582361743
137.5 225.0 -400.0 -350.0 0.0002467593784024649
225.0 312.5 -400.0 -350.0 0.00018423263921123198
312.5 400 -400.0 -350.0 3.056446437003848e-05
-1000.0 -912.5 -350.0 -300.0 0.002138960096939112
-912.5 -825.0 -350.0 -300.0 -0.0004529231341485543
-825.0 -737.5 -350.0 -300.0 -0.00030656848062208766
-737.5 -650.0 -350.0 -300.0 -0.00016008942552124054
-650.0 -562.5 -350.0 -300.0 -0.00010154062081077602
-562.5 -475.0 -350.0 -300.0 -0.00010261665128864222
-475.0 -387.5 -350.0 -300.0 -0.00010629772654921146
-387.5 -300.0 -350.0 -300.0 -8.583681138826274e-05
-300.0 -212.5 -350.0 -300.0 -3.047672086918723e-05
-212.5 -125.0 -350.0 -300.0 7.744046907663496e-05
-125.0 -37.5 -350.0 -300.0 0.0002211839152961318
-37.5 50.0 -350.0 -300.0 0.00032921803166703563
50.0 137.5 -350.0 -300.0 0.000359217839894252
137.5 225.0 -350.0 -300.0 0.0003288211426239319
225.0 312.5 -350.0 -300.0 0.00024474424447285594
312.5 400 -350.0 -300.0 8.7358994110949e-05
-1000.0 -912.5 -300.0 -250.0 0.0032527397378676734
-912.5 -825.0 -300.0 -250.0 -0.0006724863306579184
-825.0 -737.5 -300.0 -250.0 -0.000370725842079542
-737.5 -650.0 -300.0 -250.0 -0.00012428594051286542
-650.0 -562.5 -300.0 -250.0 -7.033394911974355e-05
-562.5 -475.0 -300.0 -250.0 -0.00011489962268079524
-475.0 -387.5 -300.0 -250.0 -0.00014463707356924247
-387.5 -300.0 -300.0 -250.0 -0.00013238187510366143
-300.0 -212.5 -300.0 -250.0 -7.958927884035777e-05
-212.5 -125.0 -300.0 -250.0 6.482894832704398e-05
-125.0 -37.5 -300.0 -250.0 0.0002951673219755478
-37.5 50.0 -300.0 -250.0 0.00046103510991352624
50.0 137.5 -300.0 -250.0 0.00048569174340702627
137.5 225.0 -300.0 -250.0 0.000443109291211062
225.0 312.5 -300.0 -250.0 0.000337105037721608
312.5 400 -300.0 -250.0 -7.839137872922177e-08
-1000.0 -912.5 -250.0 -200.0 0.005186234029830924
-912.5 -825.0 -250.0 -200.0 -0.001061522865678398
-825.0 -737.5 -250.0 -200.0 -0.0004142619658823176
-737.5 -650.0 -250.0 -200.0 -1.6812666885622645e-06
-650.0 -562.5 -250.0 -200.0 2.4382230671581027e-06
-562.5 -475.0 -250.0 -200.0 -0.000139397043445262
-475.0 -387.5 -250.0 -200.0 -0.00020747219111649852
-387.5 -300.0 -250.0 -200.0 -0.0001989943550898336
-300.0 -212.5 -250.0 -200.0 -0.00017374938280351402
-212.5 -125.0 -250.0 -200.0 9.991637853852735e-06
-125.0 -37.5 -250.0 -200.0 0.0004111355407184786
-37.5 50.0 -250.0 -200.0 0.0006799142372675579
50.0 137.5 -250.0 -200.0 0.0006553627867308263
137.5 225.0 -250.0 -200.0 0.0006021702906161587
225.0 312.5 -250.0 -200.0 0.00048758256101201004
312.5 400 -250.0 -200.0 -0.0005994303394790255
-1000.0 -912.5 -200.0 -150.0 0.005745034208491586
-912.5 -825.0 -200.0 -150.0 -0.0017913427826885871
-825.0 -737.5 -200.0 -150.0 -0.00034525003286944904
-737.5 -650.0 -200.0 -150.0 0.0003218655503771713
-650.0 -562.5 -200.0 -150.0 0.00014235720193246477
-562.5 -475.0 -200.0 -150.0 -0.00020711958300370021
-475.0 -387.5 -200.0 -150.0 -0.00031972428126629814
-387.5 -300.0 -200.0 -150.0 -0.0002746943979670884
-300.0 -212.5 -200.0 -150.0 -0.0003525128586998004
-212.5 -125.0 -200.0 -150.0 -0.0001642803276958907
-125.0 -37.5 -200.0 -150.0 0.00061355190765631
-37.5 50.0 -200.0 -150.0 0.0010947102509048802
50.0 137.5 -200.0 -150.0 0.0008492531550991175
137.5 225.0 -200.0 -150.0 0.0008286376030510446
225.0 312.5 -200.0 -150.0 0.0007459733488632172
312.5 400 -200.0 -150.0 0.00032668818699385427
-1000.0 -912.5 -150.0 -100 0.008496259149490802
-912.5 -825.0 -150.0 -100 0.00729899598818485
-825.0 -737.5 -150.0 -100 0.008636547321367309
-737.5 -650.0 -150.0 -100 0.008385059403778875
-650.0 -562.5 -150.0 -100 0.009617609321715676
-562.5 -475.0 -150.0 -100 0.008682947061919811
-475.0 -387.5 -150.0 -100 0.007575113348025388
-387.5 -300.0 -150.0 -100 0.00493059408037922
-300.0 -212.5 -150.0 -100 0.004944058491079031
-212.5 -125.0 -150.0 -100 0.006623909959995006
-125.0 -37.5 -150.0 -100 0.004029417791414471
-37.5 50.0 -150.0 -100 -0.008396725879892127
50.0 137.5 -150.0 -100 -0.00974021388059822
137.5 225.0 -150.0 -100 -0.01869019558859865
225.0 312.5 -150.0 -100 -0.018315278150884132
312.5 400 -150.0 -100 -0.018313364666301273
