-800.0 -640.0 -400.0 -380.0 -1.9730558033367693
-640.0 -480.0 -400.0 -380.0 19.38538842658775
-480.0 -320.0 -400.0 -380.0 -4.757440763719667
-320.0 -160.0 -400.0 -380.0 -28.715584765605282
-160.0 0.0 -400.0 -380.0 -15.246442132320011
0.0 160.0 -400.0 -380.0 -11.706940232427367
160.0 320.0 -400.0 -380.0 -1.205888692154024
320.0 480.0 -400.0 -380.0 30.346688552057792
480.0 640.0 -400.0 -380.0 10.396375179459405
640.0 800 -400.0 -380.0 -17.536679285988328
-800.0 -640.0 -380.0 -360.0 -0.0953959370042593
-640.0 -480.0 -380.0 -360.0 -26.032521594060103
-480.0 -320.0 -380.0 -360.0 79.6142259509904
-320.0 -160.0 -380.0 -360.0 23.720128208407086
-160.0 0.0 -380.0 -360.0 -5.642630080221348
0.0 160.0 -380.0 -360.0 0.07517861874163159
160.0 320.0 -380.0 -360.0 0.4059958134687354
320.0 480.0 -380.0 -360.0 -12.715604334914108
480.0 640.0 -380.0 -360.0 -4.666218077790669
640.0 800 -380.0 -360.0 35.23860395725332
-800.0 -640.0 -360.0 -340.0 14.676106814640198
-640.0 -480.0 -360.0 -340.0 -16.916727320232415
-480.0 -320.0 -360.0 -340.0 -23.95270498330607
-320.0 -160.0 -360.0 -340.0 10.537386475370777
-160.0 0.0 -360.0 -340.0 -16.402230739080903
0.0 160.0 -360.0 -340.0 20.491790579490534
160.0 320.0 -360.0 -340.0 -1.0408366882099578
320.0 480.0 -360.0 -340.0 -4.740302630617852
480.0 640.0 -360.0 -340.0 -29.214059209885637
640.0 800 -360.0 -340.0 -7.887843581231267
-800.0 -640.0 -340.0 -320.0 -6.992530121277527
-640.0 -480.0 -340.0 -320.0 3.9305757357079867
-480.0 -320.0 -340.0 -320.0 -33.327404454217934
-320.0 -160.0 -340.0 -320.0 -13.489813423222111
-160.0 0.0 -340.0 -320.0 22.65140737207063
0.0 160.0 -340.0 -320.0 -0.6942149736946983
160.0 320.0 -340.0 -320.0 -0.8392466835463928
320.0 480.0 -340.0 -320.0 -12.517498445681074
480.0 640.0 -340.0 -320.0 17.26786095194892
640.0 800 -340.0 -320.0 -29.73121695699432
-800.0 -640.0 -320.0 -300.0 -7.474557167735841
-640.0 -480.0 -320.0 -300.0 25.773374630722454
-480.0 -320.0 -320.0 -300.0 -4.801292377708096
-320.0 -160.0 -320.0 -300.0 1.457018938959623
-160.0 0.0 -320.0 -300.0 16.117392862819717
0.0 160.0 -320.0 -300.0 -10.581809134068699
160.0 320.0 -320.0 -300.0 0.8801572024197827
320.0 480.0 -320.0 -300.0 3.289234720649853
480.0 640.0 -320.0 -300.0 4.526887495652695
640.0 800 -320.0 -300.0 26.050181985308548
-800.0 -640.0 -300.0 -280.0 12.211054226494962
-640.0 -480.0 -300.0 -280.0 -5.4020904640617
-480.0 -320.0 -300.0 -280.0 5.1631049183317925
-320.0 -160.0 -300.0 -280.0 11.968962128702163
-160.0 0.0 -300.0 -280.0 3.7377143036319063
0.0 160.0 -300.0 -280.0 7.445796625793948
160.0 320.0 -300.0 -280.0 5.379021420127038
320.0 480.0 -300.0 -280.0 1.798677604865915
480.0 640.0 -300.0 -280.0 -1.1307322486397837
640.0 800 -300.0 -280.0 -3.0879165662018084
-800.0 -640.0 -280.0 -260.0 -3.246848268718006
-640.0 -480.0 -280.0 -260.0 5.610503618024687
-480.0 -320.0 -280.0 -260.0 1.0739240326728698
-320.0 -160.0 -280.0 -260.0 -1.5027962840993643
-160.0 0.0 -280.0 -260.0 -5.642479643771154
0.0 160.0 -280.0 -260.0 0.3473292190428031
160.0 320.0 -280.0 -260.0 -7.588774320707963
320.0 480.0 -280.0 -260.0 3.965211622091042
480.0 640.0 -280.0 -260.0 5.245138297119968
640.0 800 -280.0 -260.0 -5.521930311079866
-800.0 -640.0 -260.0 -240.0 1.4300422845846805
-640.0 -480.0 -260.0 -240.0 -8.976395663377613
-480.0 -320.0 -260.0 -240.0 9.753628711262348
-320.0 -160.0 -260.0 -240.0 -3.6511994740185583
-160.0 0.0 -260.0 -240.0 -4.741288597006095
0.0 160.0 -260.0 -240.0 0.4959366852228998
160.0 320.0 -260.0 -240.0 3.887655231899391
320.0 480.0 -260.0 -240.0 -2.8282607010441523
480.0 640.0 -260.0 -240.0 -7.9525979607440185
640.0 800 -260.0 -240.0 3.1526223162194458
-800.0 -640.0 -240.0 -220.0 1.0769377707145944
-640.0 -480.0 -240.0 -220.0 5.4562035872067245
-480.0 -320.0 -240.0 -220.0 -3.9484205688264993
-320.0 -160.0 -240.0 -220.0 3.357924338990874
-160.0 0.0 -240.0 -220.0 5.054527729770812
0.0 160.0 -240.0 -220.0 1.1600914680849181
160.0 320.0 -240.0 -220.0 0.10178509408368472
320.0 480.0 -240.0 -220.0 0.49219195696680745
480.0 640.0 -240.0 -220.0 3.1474795255562826
640.0 800 -240.0 -220.0 -0.7007159784375592
-800.0 -640.0 -220.0 -200 -0.009029868257314565
-640.0 -480.0 -220.0 -200 -0.5652271875204731
-480.0 -320.0 -220.0 -200 1.6906330483913972
-320.0 -160.0 -220.0 -200 0.7040164166216668
-160.0 0.0 -220.0 -200 0.43248101813697176
0.0 160.0 -220.0 -200 0.9986426830625389
160.0 320.0 -220.0 -200 1.0802399860068403
320.0 480.0 -220.0 -200 -0.010577994315119394
480.0 640.0 -220.0 -200 -0.3712996058546
640.0 800 -220.0 -200 0.06212153560024038
