-1000.0 -930.0 -500.0 -460.0 -0.00022677693707876169
-930.0 -860.0 -500.0 -460.0 -0.0002425179671546737
-860.0 -790.0 -500.0 -460.0 -0.00022189495532774686
-790.0 -720.0 -500.0 -460.0 -0.00016895647781001706
-720.0 -650.0 -500.0 -460.0 -9.587067163465219e-05
-650.0 -580.0 -500.0 -460.0 -1.649266748877369e-05
-580.0 -510.0 -500.0 -460.0 5.770599935314992e-05
-510.0 -440.0 -500.0 -460.0 0.00011878777191236255
-440.0 -370.0 -500.0 -460.0 0.00016300510854385435
-370.0 -300.0 -500.0 -460.0 0.00019175926575835573
-300.0 -230.0 -500.0 -460.0 0.00021081048817900554
-230.0 -160.0 -500.0 -460.0 0.00022620699929928753
-160.0 -90.0 -500.0 -460.0 0.000238782981567137
-90.0 -20.0 -500.0 -460.0 0.0002413101525422684
-20.0 50.0 -500.0 -460.0 0.0002212121915437985
50.0 120.0 -500.0 -460.0 0.00016816926599559282
120.0 190.0 -500.0 -460.0 8.263305818350629e-05
190.0 260.0 -500.0 -460.0 -1.9967979515507486e-05
260.0 330.0 -500.0 -460.0 -0.00011357845907484457
330.0 400 -500.0 -460.0 -0.00017397735609810694
-1000.0 -930.0 -460.0 -420.0 -0.00028541338766627266
-930.0 -860.0 -460.0 -420.0 -0.00031082735867430484
-860.0 -790.0 -460.0 -420.0 -0.00028441329911524474
-790.0 -720.0 -460.0 -420.0 -0.00021355901702863698
-720.0 -650.0 -460.0 -420.0 -0.00011744361733354388
-650.0 -580.0 -460.0 -420.0 -1.573231669328486e-05
-580.0 -510.0 -460.0 -420.0 7.684896869846248e-05
-510.0 -440.0 -460.0 -420.0 0.0001503640838642838
-440.0 -370.0 -460.0 -420.0 0.00019993774670385515
-370.0 -300.0 -460.0 -420.0 0.00022824315120070624
-300.0 -230.0 -460.0 -420.0 0.0002454607191124898
-230.0 -160.0 -460.0 -420.0 0.00026294935753370377
-160.0 -90.0 -460.0 -420.0 0.00028369559414061826
-90.0 -20.0 -460.0 -420.0 0.0002968445231896939
-20.0 50.0 -460.0 -420.0 0.0002815278017299866
50.0 120.0 -460.0 -420.0 0.00021899840698422812
120.0 190.0 -460.0 -420.0 0.00010670003380276758
190.0 260.0 -460.0 -420.0 -3.3711495784315006e-05
260.0 330.0 -460.0 -420.0 -0.00016201975853332993
330.0 400 -460.0 -420.0 -0.00024027756788481104
-1000.0 -930.0 -420.0 -380.0 -0.0003638574612903477
-930.0 -860.0 -420.0 -380.0 -0.00040421837408404594
-860.0 -790.0 -420.0 -380.0 -0.00036857268793609606
-790.0 -720.0 -420.0 -380.0 -0.00027103794850797996
-720.0 -650.0 -420.0 -380.0 -0.0001427660826101626
-650.0 -580.0 -420.0 -380.0 -1.1600392124950812e-05
-580.0 -510.0 -420.0 -380.0 0.00010451596151935895
-510.0 -440.0 -420.0 -380.0 0.00019344909759662224
-440.0 -370.0 -420.0 -380.0 0.00024800037155929034
-370.0 -300.0 -420.0 -380.0 0.00027206910666793664
-300.0 -230.0 -420.0 -380.0 0.0002829814404356048
-230.0 -160.0 -420.0 -380.0 0.00030149971930907204
-160.0 -90.0 -420.0 -380.0 0.0003350626502085428
-90.0 -20.0 -420.0 -380.0 0.0003674895824625093
-20.0 50.0 -420.0 -380.0 0.0003644044767185218
50.0 120.0 -420.0 -380.0 0.00029270723370925325
120.0 190.0 -420.0 -380.0 0.0001434912073947372
190.0 260.0 -420.0 -380.0 -5.2981240186131814e-05
260.0 330.0 -420.0 -380.0 -0.0002332483133849003
330.0 400 -420.0 -380.0 -0.0003359693493839611
-1000.0 -930.0 -380.0 -340.0 -0.0004712333173323243
-930.0 -860.0 -380.0 -340.0 -0.0005350405438319418
-860.0 -790.0 -380.0 -340.0 -0.000483561383567751
-790.0 -720.0 -380.0 -340.0 -0.0003449271810238288
-720.0 -650.0 -380.0 -340.0 -0.00017130681882036584
-650.0 -580.0 -380.0 -340.0 -1.6646368401743187e-06
-580.0 -510.0 -380.0 -340.0 0.00014458262183673104
-510.0 -440.0 -380.0 -340.0 0.00025335317562329704
-440.0 -370.0 -380.0 -340.0 0.00031221339239266636
-370.0 -300.0 -380.0 -340.0 0.0003252179562894643
-300.0 -230.0 -380.0 -340.0 0.0003212951529038348
-230.0 -160.0 -380.0 -340.0 0.0003379433724583594
-160.0 -90.0 -380.0 -340.0 0.00039145767359797834
-90.0 -20.0 -380.0 -340.0 0.00045783324632824344
-20.0 50.0 -380.0 -340.0 0.00048058824104622064
50.0 120.0 -380.0 -340.0 0.00040245643573061005
120.0 190.0 -380.0 -340.0 0.00020188508492374806
190.0 260.0 -380.0 -340.0 -7.988572380058952e-05
260.0 330.0 -380.0 -340.0 -0.0003405168372297949
330.0 400 -380.0 -340.0 -0.00047708230686446644
-1000.0 -930.0 -340.0 -300.0 -0.0006225023337892395
-930.0 -860.0 -340.0 -300.0 -0.0007237998847654857
-860.0 -790.0 -340.0 -300.0 -0.0006431767950908118
-790.0 -720.0 -340.0 -300.0 -0.00043891672349532975
-720.0 -650.0 -340.0 -300.0 -0.00020094874584440523
-650.0 -580.0 -340.0 -300.0 1.7658381596109623e-05
-580.0 -510.0 -340.0 -300.0 0.00020226246684294688
-510.0 -440.0 -340.0 -300.0 0.0003382751971941147
-440.0 -370.0 -340.0 -300.0 0.0004009940370194321
-370.0 -300.0 -340.0 -300.0 0.0003909055556494166
-300.0 -230.0 -340.0 -300.0 0.0003561263178370792
-230.0 -160.0 -340.0 -300.0 0.00036421366365473257
-160.0 -90.0 -340.0 -300.0 0.0004486539347363895
-90.0 -20.0 -340.0 -300.0 0.0005738831231172197
-20.0 50.0 -340.0 -300.0 0.0006468140047523526
50.0 120.0 -340.0 -300.0 0.000570042875729886
120.0 190.0 -340.0 -300.0 0.00029802431786799194
190.0 260.0 -340.0 -300.0 -0.00011707438961783631
260.0 330.0 -340.0 -300.0 -0.0005068611602460622
330.0 400 -340.0 -300.0 -0.000690455631098489
-1000.0 -930.0 -300.0 -260.0 -0.0008436371271024846
-930.0 -860.0 -300.0 -260.0 -0.0010062029516274044
-860.0 -790.0 -300.0 -260.0 -0.0008683216564769491
-790.0 -720.0 -300.0 -260.0 -0.0005553650506625561
-720.0 -650.0 -300.0 -260.0 -0.0002260379570086293
-650.0 -580.0 -300.0 -260.0 5.12106193133538e-05
-580.0 -510.0 -300.0 -260.0 0.00028385460513581027
-510.0 -440.0 -300.0 -260.0 0.00046120110053757626
-440.0 -370.0 -300.0 -260.0 0.0005292378699862783
-370.0 -300.0 -300.0 -260.0 0.0004748886449640375
-300.0 -230.0 -300.0 -260.0 0.0003792263147598828
-230.0 -160.0 -300.0 -260.0 0.0003644157667706884
-160.0 -90.0 -300.0 -260.0 0.0004967657971576073
-90.0 -20.0 -300.0 -260.0 0.0007235469059200633
-20.0 50.0 -300.0 -260.0 0.0008895870686115364
50.0 120.0 -300.0 -260.0 0.0008318708851448994
120.0 190.0 -300.0 -260.0 0.0004622885544620336
190.0 260.0 -300.0 -260.0 -0.00016696618801546501
260.0 330.0 -300.0 -260.0 -0.0007743702389308383
330.0 400 -300.0 -260.0 -0.0010226647382029616
-1000.0 -930.0 -260.0 -220.0 -0.0011831578669277381
-930.0 -860.0 -260.0 -220.0 -0.001447813728759048
-860.0 -790.0 -260.0 -220.0 -0.00119056660026415
-790.0 -720.0 -260.0 -220.0 -0.000691218821228003
-720.0 -650.0 -260.0 -220.0 -0.00023308433322806363
-650.0 -580.0 -260.0 -220.0 0.00010443925356991118
-580.0 -510.0 -260.0 -220.0 0.00039495032028699975
-510.0 -440.0 -260.0 -220.0 0.0006435283510272427
-440.0 -370.0 -260.0 -220.0 0.0007248373676954565
-370.0 -300.0 -260.0 -220.0 0.0005882296450218856
-300.0 -230.0 -260.0 -220.0 0.00037499952911843694
-230.0 -160.0 -260.0 -220.0 0.0003076996611875748
-160.0 -90.0 -260.0 -220.0 0.0005144560450069087
-90.0 -20.0 -260.0 -220.0 0.000917561589589789
-20.0 50.0 -260.0 -220.0 0.001251976002114116
50.0 120.0 -260.0 -220.0 0.0012486512603697574
120.0 190.0 -260.0 -220.0 0.0007542195253569108
190.0 260.0 -260.0 -220.0 -0.00022795842208005374
260.0 330.0 -260.0 -220.0 -0.0012250422228341565
330.0 400 -260.0 -220.0 -0.0015577970155892069
-1000.0 -930.0 -220.0 -180.0 -0.0017411052118793762
-930.0 -860.0 -220.0 -180.0 -0.0021759978515275063
-860.0 -790.0 -220.0 -180.0 -0.0016561310837195128
-790.0 -720.0 -220.0 -180.0 -0.0008279014274986102
-720.0 -650.0 -220.0 -180.0 -0.00019079372459041127
-650.0 -580.0 -220.0 -180.0 0.00018032191550151837
-580.0 -510.0 -220.0 -180.0 0.0005338628125372443
-510.0 -440.0 -220.0 -180.0 0.0009228657448426702
-440.0 -370.0 -220.0 -180.0 0.0010432295215510633
-370.0 -300.0 -220.0 -180.0 0.0007531231070871929
-300.0 -230.0 -220.0 -180.0 0.0003136749825710684
-230.0 -160.0 -220.0 -180.0 0.00013396597736841742
-160.0 -90.0 -220.0 -180.0 0.00045649071647627603
-90.0 -20.0 -220.0 -180.0 0.001171771006657606
-20.0 50.0 -220.0 -180.0 0.0018075713648809677
50.0 120.0 -220.0 -180.0 0.0019193187105310788
120.0 190.0 -220.0 -180.0 0.001296034678838226
190.0 260.0 -220.0 -180.0 -0.0002788398782313405
260.0 330.0 -220.0 -180.0 -0.002032960443815887
330.0 400 -220.0 -180.0 -0.002453993460801695
-1000.0 -930.0 -180.0 -140.0 -0.0027546035042415053
-930.0 -860.0 -180.0 -140.0 -0.0034515237478014095
-860.0 -790.0 -180.0 -140.0 -0.0023261881300250535
-790.0 -720.0 -180.0 -140.0 -0.0009078655959029195
-720.0 -650.0 -180.0 -140.0 -2.4810677266152653e-05
-650.0 -580.0 -180.0 -140.0 0.0002692193604793362
-580.0 -510.0 -180.0 -140.0 0.0006700449184796056
-510.0 -440.0 -180.0 -140.0 0.0013727188303952734
-440.0 -370.0 -180.0 -140.0 0.0016019935780913262
-370.0 -300.0 -180.0 -140.0 0.0010153086715837297
-300.0 -230.0 -180.0 -140.0 0.00013617772430655087
-230.0 -160.0 -180.0 -140.0 -0.0002761728335417172
-160.0 -90.0 -180.0 -140.0 0.00022454170398692437
-90.0 -20.0 -180.0 -140.0 0.0015128171791553848
-20.0 50.0 -180.0 -140.0 0.0026963315402928037
50.0 120.0 -180.0 -140.0 0.0029931111397734325
120.0 190.0 -180.0 -140.0 0.0023510422773645795
190.0 260.0 -180.0 -140.0 -0.00021504967191306025
260.0 330.0 -180.0 -140.0 -0.0036141101356635323
330.0 400 -180.0 -140.0 -0.004018668129739498
-1000.0 -930.0 -140.0 -100 -0.004914013220278141
-930.0 -860.0 -140.0 -100 -0.0013445985789462397
-860.0 -790.0 -140.0 -100 -0.0013441507626021725
-790.0 -720.0 -140.0 -100 -0.0010165918315956782
-720.0 -650.0 -140.0 -100 -0.0005711436464077644
-650.0 -580.0 -140.0 -100 -0.0002048813604463649
-580.0 -510.0 -140.0 -100 -2.0143818309416763e-07
-510.0 -440.0 -140.0 -100 0.0001488091107802192
-440.0 -370.0 -140.0 -100 0.0026701993987962303
-370.0 -300.0 -140.0 -100 0.0014722995854157181
-300.0 -230.0 -140.0 -100 -0.0002844077405318358
-230.0 -160.0 -140.0 -100 -0.0011695915437188013
-160.0 -90.0 -140.0 -100 -0.0004095808383485434
-90.0 -20.0 -140.0 -100 0.0019880923713053705
-20.0 50.0 -140.0 -100 -0.010860252671389571
50.0 120.0 -140.0 -100 -0.010861007914651296
120.0 190.0 -140.0 -100 -0.01778883264455559
190.0 260.0 -140.0 -100 -0.028594037081171166
260.0 330.0 -140.0 -100 -0.030398751718498093
330.0 400 -140.0 -100 -0.030396396662193643
