-1000.0 -930.0 -500.0 -460.0 -0.004836860131615621
-930.0 -860.0 -500.0 -460.0 -0.007686005874981464
-860.0 -790.0 -500.0 -460.0 -0.0110995299833083
-790.0 -720.0 -500.0 -460.0 -0.01522029554276124
-720.0 -650.0 -500.0 -460.0 -0.020267150768138464
-650.0 -580.0 -500.0 -460.0 -0.026423319696162965
-580.0 -510.0 -500.0 -460.0 -0.0335972876707599
-510.0 -440.0 -500.0 -460.0 -0.041042099383615444
-440.0 -370.0 -500.0 -460.0 -0.0469958130776378
-370.0 -300.0 -500.0 -460.0 -0.04874797773915737
-300.0 -230.0 -500.0 -460.0 -0.043469060998007666
-230.0 -160.0 -500.0 -460.0 -0.029445976041637206
-160.0 -90.0 -500.0 -460.0 -0.006685783312234822
-90.0 -20.0 -500.0 -460.0 0.0235275386470686
-20.0 50.0 -500.0 -460.0 0.0590158239966148
50.0 120.0 -500.0 -460.0 0.09581112339071264
120.0 190.0 -500.0 -460.0 0.12665992267880172
190.0 260.0 -500.0 -460.0 0.1413547516729453
260.0 330.0 -500.0 -460.0 0.1308607680623671
330.0 400 -500.0 -460.0 0.09386932682584022
-1000.0 -930.0 -460.0 -420.0 -0.004328898588339952
-930.0 -860.0 -460.0 -420.0 -0.007491515205111724
-860.0 -790.0 -460.0 -420.0 -0.011259514890291318
-790.0 -720.0 -460.0 -420.0 -0.01585354703077508
-720.0 -650.0 -460.0 -420.0 -0.021662112513495268
-650.0 -580.0 -460.0 -420.0 -0.02913045153537218
-580.0 -510.0 -460.0 -420.0 -0.0384651842086467
-510.0 -440.0 -460.0 -420.0 -0.049043558863231106
-440.0 -370.0 -460.0 -420.0 -0.05869384882576538
-370.0 -300.0 -460.0 -420.0 -0.06354913000325596
-300.0 -230.0 -460.0 -420.0 -0.059291847946468614
-230.0 -160.0 -460.0 -420.0 -0.04334556324475094
-160.0 -90.0 -460.0 -420.0 -0.01588621069188625
-90.0 -20.0 -460.0 -420.0 0.02142815701249019
-20.0 50.0 -460.0 -420.0 0.06669324649219319
50.0 120.0 -460.0 -420.0 0.116138736399975
120.0 190.0 -460.0 -420.0 0.16064641797022586
190.0 260.0 -460.0 -420.0 0.18488373595309582
260.0 330.0 -460.0 -420.0 0.1733272886258357
330.0 400 -460.0 -420.0 0.1219974956177487
-1000.0 -930.0 -420.0 -380.0 -0.0035818876118697157
-930.0 -860.0 -420.0 -380.0 -0.007078816080257613
-860.0 -790.0 -420.0 -380.0 -0.011158706951714848
-790.0 -720.0 -420.0 -380.0 -0.01613450537473215
-720.0 -650.0 -420.0 -380.0 -0.02261473963850615
-650.0 -580.0 -420.0 -380.0 -0.031426746807980396
-580.0 -510.0 -420.0 -380.0 -0.043310215664307955
-510.0 -440.0 -420.0 -380.0 -0.05805291230690465
-440.0 -370.0 -420.0 -380.0 -0.0731245746906091
-370.0 -300.0 -420.0 -380.0 -0.08295470394296038
-300.0 -230.0 -420.0 -380.0 -0.08074644286118783
-230.0 -160.0 -420.0 -380.0 -0.06256891717369185
-160.0 -90.0 -420.0 -380.0 -0.02932691950418391
-90.0 -20.0 -420.0 -380.0 0.016349850610785567
-20.0 50.0 -420.0 -380.0 0.07345512649592237
50.0 120.0 -420.0 -380.0 0.1398180374137197
120.0 190.0 -420.0 -380.0 0.2047647966187021
190.0 260.0 -420.0 -380.0 0.24527567537663253
260.0 330.0 -420.0 -380.0 0.23427558351892866
330.0 400 -420.0 -380.0 0.16180875320249127
-1000.0 -930.0 -380.0 -340.0 -0.002564162852274012
-930.0 -860.0 -380.0 -340.0 -0.006434802992938049
-860.0 -790.0 -380.0 -340.0 -0.010750278769949053
-790.0 -720.0 -380.0 -340.0 -0.01593688184757747
-720.0 -650.0 -380.0 -340.0 -0.022865627857889353
-650.0 -580.0 -380.0 -340.0 -0.03287614763414501
-580.0 -510.0 -380.0 -340.0 -0.047592054080711724
-510.0 -440.0 -380.0 -340.0 -0.06776778754086027
-440.0 -370.0 -380.0 -340.0 -0.09081547435099209
-370.0 -300.0 -380.0 -340.0 -0.10866941821538195
-300.0 -230.0 -380.0 -340.0 -0.11017972376598535
-230.0 -160.0 -380.0 -340.0 -0.08907119078225995
-160.0 -90.0 -380.0 -340.0 -0.048356999427278974
-90.0 -20.0 -380.0 -340.0 0.0067909476019036635
-20.0 50.0 -380.0 -340.0 0.07740295488892195
50.0 120.0 -380.0 -340.0 0.16594045371334037
120.0 190.0 -380.0 -340.0 0.26169530054930423
190.0 260.0 -380.0 -340.0 0.33042428974259996
260.0 330.0 -380.0 -340.0 0.3242515701639179
330.0 400 -380.0 -340.0 0.219927137770033
-1000.0 -930.0 -340.0 -300.0 -0.001260096925035792
-930.0 -860.0 -340.0 -300.0 -0.005581876479773262
-860.0 -790.0 -340.0 -300.0 -0.010007859856620229
-790.0 -720.0 -340.0 -300.0 -0.015131537662611796
-720.0 -650.0 -340.0 -300.0 -0.022095798513565284
-650.0 -580.0 -340.0 -300.0 -0.032843544053194874
-580.0 -510.0 -340.0 -300.0 -0.05036268896977589
-510.0 -440.0 -340.0 -300.0 -0.07739787033399337
-440.0 -370.0 -340.0 -300.0 -0.11222756112034667
-370.0 -300.0 -340.0 -300.0 -0.14327706278717672
-300.0 -230.0 -340.0 -300.0 -0.1513575999294758
-230.0 -160.0 -340.0 -300.0 -0.12557978822895918
-160.0 -90.0 -340.0 -300.0 -0.07429156097622545
-90.0 -20.0 -340.0 -300.0 -0.009130683619844635
-20.0 50.0 -340.0 -300.0 0.07508387308875512
50.0 120.0 -340.0 -300.0 0.1916340917073761
120.0 190.0 -340.0 -300.0 0.33397043071818205
190.0 260.0 -340.0 -300.0 0.45245216758562634
260.0 330.0 -340.0 -300.0 0.46150031034292277
330.0 400 -340.0 -300.0 0.30797767707637425
-1000.0 -930.0 -300.0 -260.0 0.0003014498860843494
-930.0 -860.0 -300.0 -260.0 -0.0046131310462563125
-860.0 -790.0 -300.0 -260.0 -0.008939009509446276
-790.0 -720.0 -300.0 -260.0 -0.013606602509786061
-720.0 -650.0 -300.0 -260.0 -0.019951886995125213
-650.0 -580.0 -300.0 -260.0 -0.030453742018716937
-580.0 -510.0 -300.0 -260.0 -0.0500271697659414
-510.0 -440.0 -300.0 -260.0 -0.08517757574287495
-440.0 -370.0 -300.0 -260.0 -0.13741910445621136
-370.0 -300.0 -300.0 -260.0 -0.19085594029272784
-300.0 -230.0 -300.0 -260.0 -0.21080937710951134
-230.0 -160.0 -300.0 -260.0 -0.17603422674710592
-160.0 -90.0 -300.0 -260.0 -0.10765602339021879
-90.0 -20.0 -300.0 -260.0 -0.03340529108585515
-20.0 50.0 -300.0 -260.0 0.06037543884648103
50.0 120.0 -300.0 -260.0 0.20997289367958105
120.0 190.0 -300.0 -260.0 0.42242083273192615
190.0 260.0 -300.0 -260.0 0.6300049443434095
260.0 330.0 -300.0 -260.0 0.678983894235813
330.0 400 -300.0 -260.0 0.4475020215333182
-1000.0 -930.0 -260.0 -220.0 0.0019674805544196454
-930.0 -860.0 -260.0 -220.0 -0.0037591410322618517
-860.0 -790.0 -260.0 -220.0 -0.0075861223289574245
-790.0 -720.0 -260.0 -220.0 -0.011296029754022984
-720.0 -650.0 -260.0 -220.0 -0.01611784448094572
-650.0 -580.0 -260.0 -220.0 -0.02459353805605935
-580.0 -510.0 -260.0 -220.0 -0.04400652991469
-510.0 -440.0 -260.0 -220.0 -0.08742182100727407
-440.0 -370.0 -260.0 -220.0 -0.16508581383173868
-370.0 -300.0 -260.0 -220.0 -0.25804984658543806
-300.0 -230.0 -260.0 -220.0 -0.30091813423460595
-230.0 -160.0 -260.0 -220.0 -0.24649177583738185
-160.0 -90.0 -260.0 -220.0 -0.14605744273550655
-90.0 -20.0 -260.0 -220.0 -0.0672790524972643
-20.0 50.0 -260.0 -220.0 0.02250051574125959
50.0 120.0 -260.0 -220.0 0.20604802656902058
120.0 190.0 -260.0 -220.0 0.5220382774204108
190.0 260.0 -260.0 -220.0 0.8912300946560284
260.0 330.0 -260.0 -220.0 1.0392458906989117
330.0 400 -260.0 -220.0 0.6811110903220023
-1000.0 -930.0 -220.0 -180.0 0.003211629234917755
-930.0 -860.0 -220.0 -180.0 -0.0035129884718373065
-860.0 -790.0 -220.0 -180.0 -0.0059696532048816135
-790.0 -720.0 -220.0 -180.0 -0.00821160475096465
-720.0 -650.0 -220.0 -180.0 -0.010474568903290205
-650.0 -580.0 -220.0 -180.0 -0.014033219637111034
-580.0 -510.0 -220.0 -180.0 -0.0283232638251674
-510.0 -440.0 -220.0 -180.0 -0.0767426747325946
-440.0 -370.0 -220.0 -180.0 -0.18989644048220372
-370.0 -300.0 -220.0 -180.0 -0.35575568297243604
-300.0 -230.0 -220.0 -180.0 -0.44757504242048496
-230.0 -160.0 -220.0 -180.0 -0.3472545128443598
-160.0 -90.0 -220.0 -180.0 -0.1782079113715639
-90.0 -20.0 -220.0 -180.0 -0.10926578906397169
-20.0 50.0 -220.0 -180.0 -0.05786651151341162
50.0 120.0 -220.0 -180.0 0.14997719618629832
120.0 190.0 -220.0 -180.0 0.6115849183874617
190.0 260.0 -220.0 -180.0 1.2757273512431035
260.0 330.0 -220.0 -180.0 1.6677875024960613
330.0 400 -220.0 -180.0 1.100150499865704
-1000.0 -930.0 -180.0 -140.0 0.0022440561926827867
-930.0 -860.0 -180.0 -140.0 -0.004815198510336743
-860.0 -790.0 -180.0 -140.0 -0.0038424025754941506
-790.0 -720.0 -180.0 -140.0 -0.0044698577206480055
-720.0 -650.0 -180.0 -140.0 -0.0034202606322734194
-650.0 -580.0 -180.0 -140.0 0.002181076007054116
-580.0 -510.0 -180.0 -140.0 0.0027885048330194367
-510.0 -440.0 -180.0 -140.0 -0.03884867576894374
-440.0 -370.0 -180.0 -140.0 -0.19512958186016
-370.0 -300.0 -180.0 -140.0 -0.5008422168184549
-300.0 -230.0 -180.0 -140.0 -0.7108554239272018
-230.0 -160.0 -180.0 -140.0 -0.4985963491979472
-160.0 -90.0 -180.0 -140.0 -0.166174038517015
-90.0 -20.0 -180.0 -140.0 -0.15156140679514662
-20.0 50.0 -180.0 -140.0 -0.21760657863962146
50.0 120.0 -180.0 -140.0 -0.014383185150618668
120.0 190.0 -180.0 -140.0 0.6281403330258482
190.0 260.0 -180.0 -140.0 1.826753825596312
260.0 330.0 -180.0 -140.0 2.8332194600448948
330.0 400 -180.0 -140.0 1.9215805881205736
-1000.0 -930.0 -140.0 -100 -0.007790265552571658
-930.0 -860.0 -140.0 -100 -0.0674062108677412
-860.0 -790.0 -140.0 -100 -0.06741206240713904
-790.0 -720.0 -140.0 -100 -0.08860614902084564
-720.0 -650.0 -140.0 -100 -0.11725765342092953
-650.0 -580.0 -140.0 -100 -0.15301000635544404
-580.0 -510.0 -140.0 -100 -0.22167974895011605
-510.0 -440.0 -140.0 -100 -0.21310103229156394
-440.0 -370.0 -140.0 -100 -0.1436862128524868
-370.0 -300.0 -140.0 -100 0.0002323963125116327
-300.0 -230.0 -140.0 -100 1.0763555132621263
-230.0 -160.0 -140.0 -100 -0.7488908815356596
-160.0 -90.0 -140.0 -100 -3.859056903518247
-90.0 -20.0 -140.0 -100 -3.8594441433898203
-20.0 50.0 -140.0 -100 -5.095656866222366
50.0 120.0 -140.0 -100 -7.188041311240136
120.0 190.0 -140.0 -100 -9.273404264696675
190.0 260.0 -140.0 -100 -11.673079339316232
260.0 330.0 -140.0 -100 -16.090955634847553
330.0 400 -140.0 -100 -16.088973051558654
