-1000.0 -912.5 -500.0 -450.0 -0.00031006844859907476
-912.5 -825.0 -500.0 -450.0 -0.00034681810540969664
-825.0 -737.5 -500.0 -450.0 -0.0003284765838826892
-737.5 -650.0 -500.0 -450.0 0.007211137219437872
-650.0 -562.5 -500.0 -450.0 7.498764225998566e-07
-562.5 -475.0 -500.0 -450.0 -0.00230591406700874
-475.0 -387.5 -500.0 -450.0 -0.0033330056096933245
-387.5 -300.0 -500.0 -450.0 -0.003463884886041489
-300.0 -212.5 -500.0 -450.0 -0.00014438873284578288
-212.5 -125.0 -500.0 -450.0 0.0021656399277686597
-125.0 -37.5 -500.0 -450.0 0.002639358360601291
-37.5 50.0 -500.0 -450.0 0.0020277790693400805
50.0 137.5 -500.0 -450.0 0.00020304727621754185
137.5 225.0 -500.0 -450.0 -0.0023805009710332445
225.0 312.5 -500.0 -450.0 -0.004113952781275471
312.5 400 -500.0 -450.0 -0.00405203623820197
-1000.0 -912.5 -450.0 -400.0 0.002065980766554882
-912.5 -825.0 -450.0 -400.0 -0.000446559253147686
-825.0 -737.5 -450.0 -400.0 -0.0004014829723715861
-737.5 -650.0 -450.0 -400.0 -0.00033550170092738844
-650.0 -562.5 -450.0 -400.0 -0.0002911204848380502
-562.5 -475.0 -450.0 -400.0 -0.00025296072505074567
-475.0 -387.5 -450.0 -400.0 -0.00019152042467713266
-387.5 -300.0 -450.0 -400.0 -0.00010419887636518345
-300.0 -212.5 -450.0 -400.0 -2.3314111611161383e-06
-212.5 -125.0 -450.0 -400.0 0.00011520996844799152
-125.0 -37.5 -450.0 -400.0 0.00025319789731233114
-37.5 50.0 -450.0 -400.0 0.0003985828048903512
50.0 137.5 -450.0 -400.0 0.0005210785516708016
137.5 225.0 -450.0 -400.0 0.000578643547146884
225.0 312.5 -450.0 -400.0 0.0005229908335254068
312.5 400 -450.0 -400.0 -0.002381774799079793
-1000.0 -912.5 -400.0 -350.0 0.004510337108299464
-912.5 -825.0 -400.0 -350.0 -0.0005924820647819406
-825.0 -737.5 -400.0 -350.0 -0.0004894736001244079
-737.5 -650.0 -400.0 -350.0 -0.000379114069983981
-650.0 -562.5 -400.0 -350.0 -0.00033666241043657047
-562.5 -475.0 -400.0 -350.0 -0.0003138420888482552
-475.0 -387.5 -400.0 -350.0 -0.0002457885060429821
-387.5 -300.0 -400.0 -350.0 -0.00013710813284476906
-300.0 -212.5 -400.0 -350.0 -1.8757656787573292e-05
-212.5 -125.0 -400.0 -350.0 0.00011769916665658123
-125.0 -37.5 -400.0 -350.0 0.0002936812732386021
-37.5 50.0 -400.0 -350.0 0.0004927183216057521
50.0 137.5 -400.0 -350.0 0.0006729059529520117
137.5 225.0 -400.0 -350.0 0.0007776669854431685
225.0 312.5 -400.0 -350.0 0.0007200018576662314
312.5 400 -400.0 -350.0 -0.0015017172211754242
-1000.0 -912.5 -350.0 -300.0 0.0072510608457498
-912.5 -825.0 -350.0 -300.0 -0.0008183391090240839
-825.0 -737.5 -350.0 -300.0 -0.0005887909951653043
-737.5 -650.0 -350.0 -300.0 -0.0003992896767734314
-650.0 -562.5 -350.0 -300.0 -0.0003814018040071642
-562.5 -475.0 -350.0 -300.0 -0.00040301160868047434
-475.0 -387.5 -350.0 -300.0 -0.00032322073620712455
-387.5 -300.0 -350.0 -300.0 -0.0001758175633449832
-300.0 -212.5 -350.0 -300.0 -4.321885454452281e-05
-212.5 -125.0 -350.0 -300.0 0.00010462366449970837
-125.0 -37.5 -350.0 -300.0 0.0003309596079250945
-37.5 50.0 -350.0 -300.0 0.0006067973829719275
50.0 137.5 -350.0 -300.0 0.0008710405127997829
137.5 225.0 -350.0 -300.0 0.0010630831779781006
225.0 312.5 -350.0 -300.0 0.001026695390590797
312.5 400 -350.0 -300.0 -0.0003862656483316915
-1000.0 -912.5 -300.0 -250.0 0.010401154746306282
-912.5 -825.0 -300.0 -250.0 -0.001192028494267203
-825.0 -737.5 -300.0 -250.0 -0.0006801954350431504
-737.5 -650.0 -300.0 -250.0 -0.00034949151229087325
-650.0 -562.5 -300.0 -250.0 -0.00041977893592811663
-562.5 -475.0 -300.0 -250.0 -0.0005524174032288841
-475.0 -387.5 -300.0 -250.0 -0.0004396669416002112
-387.5 -300.0 -300.0 -250.0 -0.0002093059709197283
-300.0 -212.5 -300.0 -250.0 -7.556410969866344e-05
-212.5 -125.0 -300.0 -250.0 5.617591039680814e-05
-125.0 -37.5 -300.0 -250.0 0.00035587982532983564
-37.5 50.0 -300.0 -250.0 0.0007457728560277642
50.0 137.5 -300.0 -250.0 0.0011222003934287024
137.5 225.0 -300.0 -250.0 0.0014766076894910268
225.0 312.5 -300.0 -250.0 0.0015286939231438474
312.5 400 -300.0 -250.0 0.00021581301670567789
-1000.0 -912.5 -250.0 -200.0 0.015396351490192115
-912.5 -825.0 -250.0 -200.0 -0.0018570254515893837
-825.0 -737.5 -250.0 -200.0 -0.000697184823162551
-737.5 -650.0 -250.0 -200.0 -0.00011898754776321049
-650.0 -562.5 -250.0 -200.0 -0.000445501760587794
-562.5 -475.0 -250.0 -200.0 -0.0008441280178540432
-475.0 -387.5 -250.0 -200.0 -0.0006254850883219442
-387.5 -300.0 -250.0 -200.0 -0.00019698387642297523
-300.0 -212.5 -250.0 -200.0 -0.00011009826077945206
-212.5 -125.0 -250.0 -200.0 -7.730524931254616e-05
-125.0 -37.5 -250.0 -200.0 0.00035242715892726766
-37.5 50.0 -250.0 -200.0 0.000927885358425418
50.0 137.5 -250.0 -200.0 0.0014144004807454882
137.5 225.0 -250.0 -200.0 0.0020765584360507156
225.0 312.5 -250.0 -200.0 0.002397831963194388
312.5 400 -250.0 -200.0 -5.679791791021365e-07
-1000.0 -912.5 -200.0 -150.0 0.01587901782159902
-912.5 -825.0 -200.0 -150.0 -0.0031216094481675556
-825.0 -737.5 -200.0 -150.0 -0.0004332477998487873
-737.5 -650.0 -200.0 -150.0 0.000557753398728841
-650.0 -562.5 -200.0 -150.0 -0.00045691680549540223
-562.5 -475.0 -200.0 -150.0 -0.0015002795985930874
-475.0 -387.5 -200.0 -150.0 -0.000940950882977818
-387.5 -300.0 -200.0 -150.0 -6.216493397785393e-06
-300.0 -212.5 -200.0 -150.0 -0.0001259819430385878
-212.5 -125.0 -200.0 -150.0 -0.0004323827054743979
-125.0 -37.5 -200.0 -150.0 0.0002909656172607046
-37.5 50.0 -200.0 -150.0 0.0012372039040383829
50.0 137.5 -200.0 -150.0 0.0016556331711993924
137.5 225.0 -200.0 -150.0 0.0029418906508864953
225.0 312.5 -200.0 -150.0 0.003988825375365962
312.5 400 -200.0 -150.0 -0.0030471209539769356
-1000.0 -912.5 -150.0 -100 0.021772065051766317
-912.5 -825.0 -150.0 -100 0.01777827529347432
-825.0 -737.5 -150.0 -100 0.01921357347420147
-737.5 -650.0 -150.0 -100 0.01735211720819829
-650.0 -562.5 -150.0 -100 0.02039582910060809
-562.5 -475.0 -150.0 -100 0.02085242730367902
-475.0 -387.5 -150.0 -100 0.015663602669512493
-387.5 -300.0 -150.0 -100 0.00809175065411167
-300.0 -212.5 -150.0 -100 0.006331184660723255
-212.5 -125.0 -150.0 -100 0.006218097618284752
-125.0 -37.5 -150.0 -100 2.463982517051547e-05
-37.5 50.0 -150.0 -100 -0.01887134457415052
50.0 137.5 -150.0 -100 -0.018880256597381805
137.5 225.0 -150.0 -100 -0.034289364613652826
225.0 312.5 -150.0 -100 -0.032291088149320656
312.5 400 -150.0 -100 -0.03228728931630595
